"TOA5","51469","CR1000","51469","CR1000.Std.29","CPU:CS110_SC115.CR1","14017","Tab60sec"
"TIMESTAMP","RECORD","E_field_Avg","status","Error_Count","E_status_Tot(1)","E_status_Tot(2)","E_status_Tot(3)","E_status_Tot(4)","E_status_Tot(5)","E_status_Tot(6)","E_status_Tot(7)","E_status_Tot(8)","E_status_Tot(9)","E_status_Tot(10)","E_status_Tot(11)","E_status_Tot(12)","E_status_Tot(13)","E_status_Tot(14)","E_status_Tot(15)","E_status_Tot(16)","leakage_cur_Avg","panel_temp_Avg","battery_volt_Avg","internal_RH_Avg"
"TS","RN","volts/m","","","","","","","","","","","","","","","","","","","nA","DegC","","%"
"","","Avg","Smp","Smp","Tot","Tot","Tot","Tot","Tot","Tot","Tot","Tot","Tot","Tot","Tot","Tot","Tot","Tot","Tot","Tot","Avg","Avg","Avg","Avg"
"2018-01-06 20:01:00",880745,-192.3372,1,21,60,0,0,0,0,0,0,0,0,0,0,0,0,0,0,0,-0.023,8.83,13.35,55.57
"2018-01-06 20:02:00",880746,-200.5835,1,21,60,0,0,0,0,0,0,0,0,0,0,0,0,0,0,0,-0.023,8.85,13.36,55.57
"2018-01-06 20:03:00",880747,-192.3992,1,21,60,0,0,0,0,0,0,0,0,0,0,0,0,0,0,0,-0.023,8.86,13.37,55.57
"2018-01-06 20:04:00",880748,-189.9177,1,21,60,0,0,0,0,0,0,0,0,0,0,0,0,0,0,0,-0.023,8.86,13.37,55.57
"2018-01-06 20:05:00",880749,-186.0475,1,21,60,0,0,0,0,0,0,0,0,0,0,0,0,0,0,0,-0.023,8.86,13.37,55.57
"2018-01-06 20:06:00",880750,-197.2498,1,21,60,0,0,0,0,0,0,0,0,0,0,0,0,0,0,0,-0.023,8.86,13.37,55.57
"2018-01-06 20:07:00",880751,-185.099,1,21,60,0,0,0,0,0,0,0,0,0,0,0,0,0,0,0,-0.023,8.86,13.37,55.57
"2018-01-06 20:08:00",880752,-186.5583,1,21,60,0,0,0,0,0,0,0,0,0,0,0,0,0,0,0,-0.023,8.86,13.37,55.57
"2018-01-06 20:09:00",880753,-189.6546,1,21,60,0,0,0,0,0,0,0,0,0,0,0,0,0,0,0,-0.023,8.87,13.37,55.57
"2018-01-06 20:10:00",880754,-198.5684,1,21,60,0,0,0,0,0,0,0,0,0,0,0,0,0,0,0,-0.023,8.88,13.37,55.57
"2018-01-06 20:11:00",880755,-193.8876,1,21,60,0,0,0,0,0,0,0,0,0,0,0,0,0,0,0,-0.023,8.88,13.37,55.57
"2018-01-06 20:12:00",880756,-191.4126,1,21,60,0,0,0,0,0,0,0,0,0,0,0,0,0,0,0,-0.023,8.88,13.37,55.56
"2018-01-06 20:13:00",880757,-184.6416,1,21,60,0,0,0,0,0,0,0,0,0,0,0,0,0,0,0,-0.023,8.88,13.37,55.54
"2018-01-06 20:14:00",880758,-196.8921,1,21,60,0,0,0,0,0,0,0,0,0,0,0,0,0,0,0,-0.023,8.88,13.37,55.54
"2018-01-06 20:15:00",880759,-183.0477,1,21,60,0,0,0,0,0,0,0,0,0,0,0,0,0,0,0,-0.023,8.88,13.37,55.54
"2018-01-06 20:16:00",880760,-187.1429,1,21,60,0,0,0,0,0,0,0,0,0,0,0,0,0,0,0,-0.023,8.88,13.37,55.54
"2018-01-06 20:17:00",880761,-199.278,1,21,60,0,0,0,0,0,0,0,0,0,0,0,0,0,0,0,-0.023,8.88,13.37,55.54
"2018-01-06 20:18:00",880762,-189.4271,1,21,60,0,0,0,0,0,0,0,0,0,0,0,0,0,0,0,-0.023,8.88,13.37,55.54
"2018-01-06 20:19:00",880763,-185.6665,1,21,60,0,0,0,0,0,0,0,0,0,0,0,0,0,0,0,-0.023,8.88,13.37,55.54
"2018-01-06 20:20:00",880764,-186.0958,1,21,60,0,0,0,0,0,0,0,0,0,0,0,0,0,0,0,-0.023,8.88,13.37,55.54
"2018-01-06 20:21:00",880765,-193.1156,1,21,60,0,0,0,0,0,0,0,0,0,0,0,0,0,0,0,-0.023,8.88,13.37,55.54
"2018-01-06 20:22:00",880766,-189.6606,1,21,60,0,0,0,0,0,0,0,0,0,0,0,0,0,0,0,-0.023,8.88,13.37,55.54
"2018-01-06 20:23:00",880767,-190.8156,1,21,60,0,0,0,0,0,0,0,0,0,0,0,0,0,0,0,-0.023,8.88,13.37,55.54
"2018-01-06 20:24:00",880768,-196.2226,1,21,60,0,0,0,0,0,0,0,0,0,0,0,0,0,0,0,-0.023,8.88,13.37,55.54
"2018-01-06 20:25:00",880769,-192.4444,1,21,60,0,0,0,0,0,0,0,0,0,0,0,0,0,0,0,-0.023,8.88,13.37,55.54
"2018-01-06 20:26:00",880770,-197.0833,1,21,60,0,0,0,0,0,0,0,0,0,0,0,0,0,0,0,-0.023,8.88,13.37,55.54
"2018-01-06 20:27:00",880771,-188.6705,1,21,60,0,0,0,0,0,0,0,0,0,0,0,0,0,0,0,-0.023,8.89,13.37,55.54
"2018-01-06 20:28:00",880772,-180.0098,1,21,60,0,0,0,0,0,0,0,0,0,0,0,0,0,0,0,-0.023,8.9,13.37,55.54
"2018-01-06 20:29:00",880773,-176.3154,1,21,60,0,0,0,0,0,0,0,0,0,0,0,0,0,0,0,-0.023,8.9,13.37,55.51
"2018-01-06 20:30:00",880774,-180.0434,1,21,60,0,0,0,0,0,0,0,0,0,0,0,0,0,0,0,-0.023,8.89,13.37,55.51
"2018-01-06 20:31:00",880775,-187.1252,1,21,60,0,0,0,0,0,0,0,0,0,0,0,0,0,0,0,-0.023,8.89,13.37,55.5
"2018-01-06 20:32:00",880776,-182.9786,1,21,60,0,0,0,0,0,0,0,0,0,0,0,0,0,0,0,-0.023,8.88,13.37,55.5
"2018-01-06 20:33:00",880777,-179.8787,1,21,60,0,0,0,0,0,0,0,0,0,0,0,0,0,0,0,-0.023,8.88,13.37,55.5
"2018-01-06 20:34:00",880778,-177.5035,1,21,60,0,0,0,0,0,0,0,0,0,0,0,0,0,0,0,-0.023,8.88,13.37,55.5
"2018-01-06 20:35:00",880779,-176.8699,1,21,60,0,0,0,0,0,0,0,0,0,0,0,0,0,0,0,-0.023,8.88,13.37,55.5
"2018-01-06 20:36:00",880780,-179.8151,1,21,60,0,0,0,0,0,0,0,0,0,0,0,0,0,0,0,-0.023,8.88,13.37,55.5
"2018-01-06 20:37:00",880781,-181.133,1,21,60,0,0,0,0,0,0,0,0,0,0,0,0,0,0,0,-0.023,8.88,13.37,55.51
"2018-01-06 20:38:00",880782,-184.5075,1,21,60,0,0,0,0,0,0,0,0,0,0,0,0,0,0,0,-0.023,8.88,13.37,55.51
"2018-01-06 20:39:00",880783,-191.924,1,21,60,0,0,0,0,0,0,0,0,0,0,0,0,0,0,0,-0.023,8.88,13.37,55.5
"2018-01-06 20:40:00",880784,-189.3809,1,21,60,0,0,0,0,0,0,0,0,0,0,0,0,0,0,0,-0.023,8.88,13.37,55.5
"2018-01-06 20:41:00",880785,-183.5083,1,21,60,0,0,0,0,0,0,0,0,0,0,0,0,0,0,0,-0.023,8.88,13.37,55.51
"2018-01-06 20:42:00",880786,-181.2919,1,21,60,0,0,0,0,0,0,0,0,0,0,0,0,0,0,0,-0.023,8.88,13.37,55.52
"2018-01-06 20:43:00",880787,-182.2809,1,21,60,0,0,0,0,0,0,0,0,0,0,0,0,0,0,0,-0.023,8.88,13.37,55.51
"2018-01-06 20:44:00",880788,-180.9984,1,21,60,0,0,0,0,0,0,0,0,0,0,0,0,0,0,0,-0.023,8.88,13.37,55.51
"2018-01-06 20:45:00",880789,-191.2115,1,21,60,0,0,0,0,0,0,0,0,0,0,0,0,0,0,0,-0.023,8.88,13.37,55.5
"2018-01-06 20:46:00",880790,-193.3357,1,21,60,0,0,0,0,0,0,0,0,0,0,0,0,0,0,0,-0.023,8.87,13.37,55.51
"2018-01-06 20:47:00",880791,-191.2022,1,21,60,0,0,0,0,0,0,0,0,0,0,0,0,0,0,0,-0.023,8.87,13.37,55.5
"2018-01-06 20:48:00",880792,-202.2626,1,21,60,0,0,0,0,0,0,0,0,0,0,0,0,0,0,0,-0.023,8.86,13.37,55.5
"2018-01-06 20:49:00",880793,-203.7571,1,21,60,0,0,0,0,0,0,0,0,0,0,0,0,0,0,0,-0.023,8.86,13.37,55.5
"2018-01-06 20:50:00",880794,-178.0303,1,21,60,0,0,0,0,0,0,0,0,0,0,0,0,0,0,0,-0.023,8.86,13.37,55.5
"2018-01-06 20:51:00",880795,-169.6552,1,21,60,0,0,0,0,0,0,0,0,0,0,0,0,0,0,0,-0.023,8.86,13.37,55.5
"2018-01-06 20:52:00",880796,-166.1333,1,21,60,0,0,0,0,0,0,0,0,0,0,0,0,0,0,0,-0.023,8.86,13.37,55.5
"2018-01-06 20:53:00",880797,-165.6579,1,21,60,0,0,0,0,0,0,0,0,0,0,0,0,0,0,0,-0.023,8.86,13.37,55.5
"2018-01-06 20:54:00",880798,-171.4202,1,21,60,0,0,0,0,0,0,0,0,0,0,0,0,0,0,0,-0.023,8.86,13.37,55.5
"2018-01-06 20:55:00",880799,-174.6041,1,21,60,0,0,0,0,0,0,0,0,0,0,0,0,0,0,0,-0.023,8.86,13.37,55.5
"2018-01-06 20:56:00",880800,-185.0079,1,21,60,0,0,0,0,0,0,0,0,0,0,0,0,0,0,0,-0.023,8.84,13.37,55.5
"2018-01-06 20:57:00",880801,-202.484,1,21,60,0,0,0,0,0,0,0,0,0,0,0,0,0,0,0,-0.023,8.83,13.37,55.47
"2018-01-06 20:58:00",880802,-208.7312,1,21,60,0,0,0,0,0,0,0,0,0,0,0,0,0,0,0,-0.023,8.83,13.37,55.47
"2018-01-06 20:59:00",880803,-223.5721,1,21,60,0,0,0,0,0,0,0,0,0,0,0,0,0,0,0,-0.023,8.81,13.37,55.47
"2018-01-06 21:00:00",880804,-216.4745,1,21,60,0,0,0,0,0,0,0,0,0,0,0,0,0,0,0,-0.023,8.79,13.37,55.46
