"TOA5","94083","CR1000","94083","CR1000.Std.32.05","CPU:CS110_1769_2025-01-13_GMX.cr1","59979","EF_60sec"
"TIMESTAMP","RECORD","E_field_Avg","status","Error_Count","E_status_Tot(1)","E_status_Tot(2)","E_status_Tot(3)","E_status_Tot(4)","E_status_Tot(5)","E_status_Tot(6)","E_status_Tot(7)","E_status_Tot(8)","E_status_Tot(9)","E_status_Tot(10)","E_status_Tot(11)","E_status_Tot(12)","E_status_Tot(13)","E_status_Tot(14)","E_status_Tot(15)","E_status_Tot(16)","leakage_cur_Avg","panel_temp_Avg","battery_volt_Avg","internal_RH_Avg"
"TS","RN","volts/m","","","","","","","","","","","","","","","","","","","nA","DegC","","%"
"","","Avg","Smp","Smp","Tot","Tot","Tot","Tot","Tot","Tot","Tot","Tot","Tot","Tot","Tot","Tot","Tot","Tot","Tot","Tot","Avg","Avg","Avg","Avg"
"2025-02-07 05:01:00",35541,63.84457,1,0,60,0,0,0,0,0,0,0,0,0,0,0,0,0,0,0,0.01,11.7,13.65,55.53
"2025-02-07 05:02:00",35542,87.77351,1,0,60,0,0,0,0,0,0,0,0,0,0,0,0,0,0,0,0.01,11.69,13.67,55.58
"2025-02-07 05:03:00",35543,85.31982,1,0,60,0,0,0,0,0,0,0,0,0,0,0,0,0,0,0,0.01,11.69,13.67,55.59
"2025-02-07 05:04:00",35544,57.79105,1,0,60,0,0,0,0,0,0,0,0,0,0,0,0,0,0,0,0.01,11.68,13.67,55.6
"2025-02-07 05:05:00",35545,58.08701,1,0,60,0,0,0,0,0,0,0,0,0,0,0,0,0,0,0,0.01,11.68,13.67,55.62
"2025-02-07 05:06:00",35546,46.25976,1,0,60,0,0,0,0,0,0,0,0,0,0,0,0,0,0,0,0.01,11.69,13.67,55.63
"2025-02-07 05:07:00",35547,2.916458,1,0,60,0,0,0,0,0,0,0,0,0,0,0,0,0,0,0,0.01,11.7,13.67,55.64
"2025-02-07 05:08:00",35548,-26.39341,1,0,60,0,0,0,0,0,0,0,0,0,0,0,0,0,0,0,0.01,11.7,13.67,55.63
"2025-02-07 05:09:00",35549,-33.28098,1,0,60,0,0,0,0,0,0,0,0,0,0,0,0,0,0,0,0.01,11.72,13.67,55.63
"2025-02-07 05:10:00",35550,-44.45177,1,0,60,0,0,0,0,0,0,0,0,0,0,0,0,0,0,0,0.01,11.73,13.67,55.63
"2025-02-07 05:11:00",35551,-61.93976,1,0,60,0,0,0,0,0,0,0,0,0,0,0,0,0,0,0,0.01,11.73,13.67,55.6
"2025-02-07 05:12:00",35552,-56.5696,1,0,60,0,0,0,0,0,0,0,0,0,0,0,0,0,0,0,0.01,11.73,13.67,55.59
"2025-02-07 05:13:00",35553,-55.83241,1,0,60,0,0,0,0,0,0,0,0,0,0,0,0,0,0,0,0.01,11.73,13.67,55.59
"2025-02-07 05:14:00",35554,-61.85366,1,0,60,0,0,0,0,0,0,0,0,0,0,0,0,0,0,0,0.01,11.75,13.67,55.59
"2025-02-07 05:15:00",35555,-71.72765,1,0,60,0,0,0,0,0,0,0,0,0,0,0,0,0,0,0,0.01,11.77,13.67,55.59
"2025-02-07 05:16:00",35556,-82.2043,1,0,60,0,0,0,0,0,0,0,0,0,0,0,0,0,0,0,0.01,11.79,13.67,55.59
"2025-02-07 05:17:00",35557,-88.2955,1,0,60,0,0,0,0,0,0,0,0,0,0,0,0,0,0,0,0.01,11.82,13.67,55.56
"2025-02-07 05:18:00",35558,-78.66903,1,0,60,0,0,0,0,0,0,0,0,0,0,0,0,0,0,0,0.01,11.85,13.67,55.53
"2025-02-07 05:19:00",35559,-87.56907,1,0,60,0,0,0,0,0,0,0,0,0,0,0,0,0,0,0,0.01,11.88,13.67,55.52
"2025-02-07 05:20:00",35560,-91.00747,1,0,60,0,0,0,0,0,0,0,0,0,0,0,0,0,0,0,0.01,11.91,13.67,55.48
"2025-02-07 05:21:00",35561,-91.368,1,0,60,0,0,0,0,0,0,0,0,0,0,0,0,0,0,0,0.01,11.95,13.67,55.45
"2025-02-07 05:22:00",35562,-96.68434,1,0,60,0,0,0,0,0,0,0,0,0,0,0,0,0,0,0,0.01,11.98,13.67,55.4
"2025-02-07 05:23:00",35563,-102.3989,1,0,60,0,0,0,0,0,0,0,0,0,0,0,0,0,0,0,0.01,12,13.67,55.34
"2025-02-07 05:24:00",35564,-104.4436,1,0,60,0,0,0,0,0,0,0,0,0,0,0,0,0,0,0,0.01,12.02,13.67,55.31
"2025-02-07 05:25:00",35565,-108.0865,1,0,60,0,0,0,0,0,0,0,0,0,0,0,0,0,0,0,0.01,12.05,13.67,55.27
"2025-02-07 05:26:00",35566,-111.8962,1,0,60,0,0,0,0,0,0,0,0,0,0,0,0,0,0,0,0.01,12.05,13.67,55.25
"2025-02-07 05:27:00",35567,-114.1185,1,0,60,0,0,0,0,0,0,0,0,0,0,0,0,0,0,0,0.01,12.07,13.67,55.26
"2025-02-07 05:28:00",35568,-107.6614,1,0,60,0,0,0,0,0,0,0,0,0,0,0,0,0,0,0,0.01,12.09,13.67,55.26
"2025-02-07 05:29:00",35569,-96.25925,1,0,60,0,0,0,0,0,0,0,0,0,0,0,0,0,0,0,0.01,12.1,13.67,55.25
"2025-02-07 05:30:00",35570,-74.33738,1,0,60,0,0,0,0,0,0,0,0,0,0,0,0,0,0,0,0.01,12.13,13.67,55.25
"2025-02-07 05:31:00",35571,-54.6809,1,0,60,0,0,0,0,0,0,0,0,0,0,0,0,0,0,0,0.01,12.14,13.67,55.24
"2025-02-07 05:32:00",35572,-28.83096,1,0,60,0,0,0,0,0,0,0,0,0,0,0,0,0,0,0,0.01,12.15,13.67,55.24
"2025-02-07 05:33:00",35573,3.911928,1,0,60,0,0,0,0,0,0,0,0,0,0,0,0,0,0,0,0.01,12.16,13.67,55.23
"2025-02-07 05:34:00",35574,49.07936,1,0,60,0,0,0,0,0,0,0,0,0,0,0,0,0,0,0,0.01,12.19,13.67,55.19
"2025-02-07 05:35:00",35575,103.0715,1,0,60,0,0,0,0,0,0,0,0,0,0,0,0,0,0,0,0.01,12.19,13.67,55.19
"2025-02-07 05:36:00",35576,153.8943,1,0,60,0,0,0,0,0,0,0,0,0,0,0,0,0,0,0,0.01,12.21,13.67,55.19
"2025-02-07 05:37:00",35577,220.4401,1,0,60,0,0,0,0,0,0,0,0,0,0,0,0,0,0,0,0.01,12.21,13.67,55.19
"2025-02-07 05:38:00",35578,223.6794,1,0,60,0,0,0,0,0,0,0,0,0,0,0,0,0,0,0,0.01,12.23,13.67,55.19
"2025-02-07 05:39:00",35579,131.6065,1,0,60,0,0,0,0,0,0,0,0,0,0,0,0,0,0,0,0.01,12.26,13.67,55.19
"2025-02-07 05:40:00",35580,35.24502,1,0,60,0,0,0,0,0,0,0,0,0,0,0,0,0,0,0,0.01,12.26,13.67,55.17
"2025-02-07 05:41:00",35581,40.13089,1,0,60,0,0,0,0,0,0,0,0,0,0,0,0,0,0,0,0.01,12.26,13.67,55.12
"2025-02-07 05:42:00",35582,75.49429,1,0,60,0,0,0,0,0,0,0,0,0,0,0,0,0,0,0,0.01,12.26,13.67,55.1
"2025-02-07 05:43:00",35583,123.519,1,0,60,0,0,0,0,0,0,0,0,0,0,0,0,0,0,0,0.01,12.25,13.67,55.05
"2025-02-07 05:44:00",35584,162.3638,1,0,60,0,0,0,0,0,0,0,0,0,0,0,0,0,0,0,0.01,12.23,13.67,55.05
"2025-02-07 05:45:00",35585,149.6111,1,0,60,0,0,0,0,0,0,0,0,0,0,0,0,0,0,0,0.01,12.22,13.67,55.01
"2025-02-07 05:46:00",35586,164.7691,1,0,60,0,0,0,0,0,0,0,0,0,0,0,0,0,0,0,0.01,12.2,13.67,54.99
"2025-02-07 05:47:00",35587,316.5917,1,0,60,0,0,0,0,0,0,0,0,0,0,0,0,0,0,0,0.01,12.17,13.67,54.99
"2025-02-07 05:48:00",35588,361.5278,1,0,60,0,0,0,0,0,0,0,0,0,0,0,0,0,0,0,0.01,12.15,13.67,55.01
"2025-02-07 05:49:00",35589,345.2236,1,0,60,0,0,0,0,0,0,0,0,0,0,0,0,0,0,0,0.01,12.13,13.67,55.02
"2025-02-07 05:50:00",35590,352.0735,1,0,60,0,0,0,0,0,0,0,0,0,0,0,0,0,0,0,0.01,12.09,13.67,55.05
"2025-02-07 05:51:00",35591,368.9266,1,0,60,0,0,0,0,0,0,0,0,0,0,0,0,0,0,0,0.01,12.06,13.67,55.07
"2025-02-07 05:52:00",35592,411.4896,1,0,60,0,0,0,0,0,0,0,0,0,0,0,0,0,0,0,0.01,12.04,13.67,55.12
"2025-02-07 05:53:00",35593,498.5582,1,0,60,0,0,0,0,0,0,0,0,0,0,0,0,0,0,0,0.01,12,13.67,55.15
"2025-02-07 05:54:00",35594,493.6078,1,0,60,0,0,0,0,0,0,0,0,0,0,0,0,0,0,0,0.01,11.97,13.67,55.18
"2025-02-07 05:55:00",35595,572.6642,1,0,60,0,0,0,0,0,0,0,0,0,0,0,0,0,0,0,0.01,11.95,13.67,55.23
"2025-02-07 05:56:00",35596,657.9357,1,0,60,0,0,0,0,0,0,0,0,0,0,0,0,0,0,0,0.01,11.93,13.67,55.25
"2025-02-07 05:57:00",35597,688.962,1,0,60,0,0,0,0,0,0,0,0,0,0,0,0,0,0,0,0.01,11.9,13.67,55.28
"2025-02-07 05:58:00",35598,711.8848,1,0,60,0,0,0,0,0,0,0,0,0,0,0,0,0,0,0,0.01,11.88,13.67,55.32
"2025-02-07 05:59:00",35599,746.7693,1,0,60,0,0,0,0,0,0,0,0,0,0,0,0,0,0,0,0.01,11.86,13.67,55.35
"2025-02-07 06:00:00",35600,778.2477,1,0,60,0,0,0,0,0,0,0,0,0,0,0,0,0,0,0,0.01,11.85,13.67,55.38
