"TOA5","94083","CR1000","94083","CR1000.Std.32.05","CPU:CS110_1769_2025-01-13_GMX.cr1","59979","EF_60sec"
"TIMESTAMP","RECORD","E_field_Avg","status","Error_Count","E_status_Tot(1)","E_status_Tot(2)","E_status_Tot(3)","E_status_Tot(4)","E_status_Tot(5)","E_status_Tot(6)","E_status_Tot(7)","E_status_Tot(8)","E_status_Tot(9)","E_status_Tot(10)","E_status_Tot(11)","E_status_Tot(12)","E_status_Tot(13)","E_status_Tot(14)","E_status_Tot(15)","E_status_Tot(16)","leakage_cur_Avg","panel_temp_Avg","battery_volt_Avg","internal_RH_Avg"
"TS","RN","volts/m","","","","","","","","","","","","","","","","","","","nA","DegC","","%"
"","","Avg","Smp","Smp","Tot","Tot","Tot","Tot","Tot","Tot","Tot","Tot","Tot","Tot","Tot","Tot","Tot","Tot","Tot","Tot","Avg","Avg","Avg","Avg"
"2025-02-07 19:01:00",36381,245.8222,1,0,60,0,0,0,0,0,0,0,0,0,0,0,0,0,0,0,0.01,13.12,13.55,55.38
"2025-02-07 19:02:00",36382,324.709,1,0,60,0,0,0,0,0,0,0,0,0,0,0,0,0,0,0,0.01,13.08,13.57,55.41
"2025-02-07 19:03:00",36383,397.0602,1,0,60,0,0,0,0,0,0,0,0,0,0,0,0,0,0,0,0.01,13.03,13.57,55.45
"2025-02-07 19:04:00",36384,373.1262,1,0,60,0,0,0,0,0,0,0,0,0,0,0,0,0,0,0,0.01,12.98,13.57,55.48
"2025-02-07 19:05:00",36385,385.7252,1,0,60,0,0,0,0,0,0,0,0,0,0,0,0,0,0,0,0.01,12.93,13.57,55.52
"2025-02-07 19:06:00",36386,354.126,1,0,60,0,0,0,0,0,0,0,0,0,0,0,0,0,0,0,0.01,12.89,13.57,55.57
"2025-02-07 19:07:00",36387,369.0685,1,0,60,0,0,0,0,0,0,0,0,0,0,0,0,0,0,0,0.01,12.84,13.58,55.61
"2025-02-07 19:08:00",36388,338.6015,1,0,60,0,0,0,0,0,0,0,0,0,0,0,0,0,0,0,0.01,12.79,13.57,55.67
"2025-02-07 19:09:00",36389,295.6396,1,0,60,0,0,0,0,0,0,0,0,0,0,0,0,0,0,0,0.01,12.74,13.57,55.73
"2025-02-07 19:10:00",36390,323.5203,1,0,60,0,0,0,0,0,0,0,0,0,0,0,0,0,0,0,0.01,12.7,13.57,55.78
"2025-02-07 19:11:00",36391,308.6259,1,0,60,0,0,0,0,0,0,0,0,0,0,0,0,0,0,0,0.01,12.67,13.57,55.83
"2025-02-07 19:12:00",36392,307.3216,1,0,60,0,0,0,0,0,0,0,0,0,0,0,0,0,0,0,0.01,12.62,13.57,55.86
"2025-02-07 19:13:00",36393,304.3108,1,0,60,0,0,0,0,0,0,0,0,0,0,0,0,0,0,0,0.01,12.59,13.57,55.92
"2025-02-07 19:14:00",36394,272.249,1,0,60,0,0,0,0,0,0,0,0,0,0,0,0,0,0,0,0.01,12.55,13.57,55.95
"2025-02-07 19:15:00",36395,227.8108,1,0,60,0,0,0,0,0,0,0,0,0,0,0,0,0,0,0,0.01,12.52,13.57,55.99
"2025-02-07 19:16:00",36396,187.4075,1,0,60,0,0,0,0,0,0,0,0,0,0,0,0,0,0,0,0.01,12.49,13.57,56.04
"2025-02-07 19:17:00",36397,143.0221,1,0,60,0,0,0,0,0,0,0,0,0,0,0,0,0,0,0,0.01,12.46,13.57,56.06
"2025-02-07 19:18:00",36398,111.9805,1,0,60,0,0,0,0,0,0,0,0,0,0,0,0,0,0,0,0.01,12.42,13.57,56.1
"2025-02-07 19:19:00",36399,97.94218,1,0,60,0,0,0,0,0,0,0,0,0,0,0,0,0,0,0,0.01,12.4,13.57,56.13
"2025-02-07 19:20:00",36400,82.83292,1,0,60,0,0,0,0,0,0,0,0,0,0,0,0,0,0,0,0.01,12.37,13.57,56.18
"2025-02-07 19:21:00",36401,67.95498,1,0,60,0,0,0,0,0,0,0,0,0,0,0,0,0,0,0,0.01,12.35,13.57,56.2
"2025-02-07 19:22:00",36402,68.42861,1,0,60,0,0,0,0,0,0,0,0,0,0,0,0,0,0,0,0.01,12.34,13.57,56.25
"2025-02-07 19:23:00",36403,79.28734,1,0,60,0,0,0,0,0,0,0,0,0,0,0,0,0,0,0,0.01,12.33,13.57,56.26
"2025-02-07 19:24:00",36404,84.93738,1,0,60,0,0,0,0,0,0,0,0,0,0,0,0,0,0,0,0.01,12.32,13.57,56.26
"2025-02-07 19:25:00",36405,65.11961,1,0,60,0,0,0,0,0,0,0,0,0,0,0,0,0,0,0,0.01,12.3,13.57,56.26
"2025-02-07 19:26:00",36406,52.89962,1,0,60,0,0,0,0,0,0,0,0,0,0,0,0,0,0,0,0.01,12.28,13.59,56.28
"2025-02-07 19:27:00",36407,46.76005,1,0,60,0,0,0,0,0,0,0,0,0,0,0,0,0,0,0,0.01,12.28,13.58,56.31
"2025-02-07 19:28:00",36408,24.12798,1,0,60,0,0,0,0,0,0,0,0,0,0,0,0,0,0,0,0.01,12.26,13.57,56.32
"2025-02-07 19:29:00",36409,13.38232,1,0,60,0,0,0,0,0,0,0,0,0,0,0,0,0,0,0,0.01,12.25,13.57,56.32
"2025-02-07 19:30:00",36410,3.438403,1,0,60,0,0,0,0,0,0,0,0,0,0,0,0,0,0,0,0.01,12.23,13.57,56.32
"2025-02-07 19:31:00",36411,-21.55593,1,0,60,0,0,0,0,0,0,0,0,0,0,0,0,0,0,0,0.01,12.23,13.57,56.33
"2025-02-07 19:32:00",36412,-11.95101,1,0,60,0,0,0,0,0,0,0,0,0,0,0,0,0,0,0,0.01,12.23,13.57,56.32
"2025-02-07 19:33:00",36413,-24.6123,1,0,60,0,0,0,0,0,0,0,0,0,0,0,0,0,0,0,0.01,12.21,13.57,56.32
"2025-02-07 19:34:00",36414,-40.10934,1,0,60,0,0,0,0,0,0,0,0,0,0,0,0,0,0,0,0.01,12.21,13.57,56.33
"2025-02-07 19:35:00",36415,-56.58571,1,0,60,0,0,0,0,0,0,0,0,0,0,0,0,0,0,0,0.01,12.21,13.57,56.31
"2025-02-07 19:36:00",36416,-64.66786,1,0,60,0,0,0,0,0,0,0,0,0,0,0,0,0,0,0,0.01,12.22,13.57,56.28
"2025-02-07 19:37:00",36417,-67.18075,1,0,60,0,0,0,0,0,0,0,0,0,0,0,0,0,0,0,0.01,12.23,13.58,56.26
"2025-02-07 19:38:00",36418,-84.59878,1,0,60,0,0,0,0,0,0,0,0,0,0,0,0,0,0,0,0.01,12.23,13.6,56.26
"2025-02-07 19:39:00",36419,-92.78318,1,0,60,0,0,0,0,0,0,0,0,0,0,0,0,0,0,0,0.01,12.25,13.6,56.27
"2025-02-07 19:40:00",36420,-84.80328,1,0,60,0,0,0,0,0,0,0,0,0,0,0,0,0,0,0,0.01,12.26,13.6,56.27
"2025-02-07 19:41:00",36421,-75.54272,1,0,60,0,0,0,0,0,0,0,0,0,0,0,0,0,0,0,0.01,12.28,13.6,56.24
"2025-02-07 19:42:00",36422,-60.41157,1,0,60,0,0,0,0,0,0,0,0,0,0,0,0,0,0,0,0.01,12.28,13.6,56.2
"2025-02-07 19:43:00",36423,-54.08362,1,0,60,0,0,0,0,0,0,0,0,0,0,0,0,0,0,0,0.01,12.29,13.61,56.2
"2025-02-07 19:44:00",36424,-42.01959,1,0,60,0,0,0,0,0,0,0,0,0,0,0,0,0,0,0,0.01,12.31,13.6,56.2
"2025-02-07 19:45:00",36425,-26.75931,1,0,60,0,0,0,0,0,0,0,0,0,0,0,0,0,0,0,0.01,12.33,13.57,56.16
"2025-02-07 19:46:00",36426,35.0782,1,0,60,0,0,0,0,0,0,0,0,0,0,0,0,0,0,0,0.01,12.33,13.58,56.13
"2025-02-07 19:47:00",36427,131.9778,1,0,60,0,0,0,0,0,0,0,0,0,0,0,0,0,0,0,0.01,12.34,13.58,56.11
"2025-02-07 19:48:00",36428,204.2866,1,0,60,0,0,0,0,0,0,0,0,0,0,0,0,0,0,0,0.01,12.33,13.57,56.06
"2025-02-07 19:49:00",36429,299.7548,1,0,60,0,0,0,0,0,0,0,0,0,0,0,0,0,0,0,0.01,12.33,13.57,56.04
"2025-02-07 19:50:00",36430,397.7682,1,0,60,0,0,0,0,0,0,0,0,0,0,0,0,0,0,0,0.01,12.32,13.57,55.99
"2025-02-07 19:51:00",36431,529.2241,1,0,60,0,0,0,0,0,0,0,0,0,0,0,0,0,0,0,0.01,12.3,13.6,55.99
"2025-02-07 19:52:00",36432,622.3086,1,0,60,0,0,0,0,0,0,0,0,0,0,0,0,0,0,0,0.01,12.28,13.6,55.99
"2025-02-07 19:53:00",36433,719.3696,1,0,60,0,0,0,0,0,0,0,0,0,0,0,0,0,0,0,0.01,12.25,13.6,55.99
"2025-02-07 19:54:00",36434,881.7281,1,0,60,0,0,0,0,0,0,0,0,0,0,0,0,0,0,0,0.01,12.23,13.6,56
"2025-02-07 19:55:00",36435,1047.347,1,0,60,0,0,0,0,0,0,0,0,0,0,0,0,0,0,0,0.01,12.21,13.58,55.99
"2025-02-07 19:56:00",36436,1211.654,1,0,60,0,0,0,0,0,0,0,0,0,0,0,0,0,0,0,0.01,12.19,13.57,55.99
"2025-02-07 19:57:00",36437,1181.8,1,0,60,0,0,0,0,0,0,0,0,0,0,0,0,0,0,0,0.01,12.16,13.57,56
"2025-02-07 19:58:00",36438,1219.316,1,0,60,0,0,0,0,0,0,0,0,0,0,0,0,0,0,0,0.01,12.14,13.57,56.01
"2025-02-07 19:59:00",36439,1165.593,1,0,60,0,0,0,0,0,0,0,0,0,0,0,0,0,0,0,0.01,12.1,13.57,55.99
"2025-02-07 20:00:00",36440,1039.12,1,0,60,0,0,0,0,0,0,0,0,0,0,0,0,0,0,0,0.01,12.07,13.57,55.99
