"TOA5","94083","CR1000","94083","CR1000.Std.32.05","CPU:CS110_1769_2025-01-13_GMX.cr1","59979","EF_60sec"
"TIMESTAMP","RECORD","E_field_Avg","status","Error_Count","E_status_Tot(1)","E_status_Tot(2)","E_status_Tot(3)","E_status_Tot(4)","E_status_Tot(5)","E_status_Tot(6)","E_status_Tot(7)","E_status_Tot(8)","E_status_Tot(9)","E_status_Tot(10)","E_status_Tot(11)","E_status_Tot(12)","E_status_Tot(13)","E_status_Tot(14)","E_status_Tot(15)","E_status_Tot(16)","leakage_cur_Avg","panel_temp_Avg","battery_volt_Avg","internal_RH_Avg"
"TS","RN","volts/m","","","","","","","","","","","","","","","","","","","nA","DegC","","%"
"","","Avg","Smp","Smp","Tot","Tot","Tot","Tot","Tot","Tot","Tot","Tot","Tot","Tot","Tot","Tot","Tot","Tot","Tot","Tot","Avg","Avg","Avg","Avg"
"2025-03-01 06:01:00",67281,754.5501,1,0,60,0,0,0,0,0,0,0,0,0,0,0,0,0,0,0,0.01,10.88,13.62,56.54
"2025-03-01 06:02:00",67282,585.1373,1,0,60,0,0,0,0,0,0,0,0,0,0,0,0,0,0,0,0.01,10.86,13.64,56.54
"2025-03-01 06:03:00",67283,342.9421,1,0,60,0,0,0,0,0,0,0,0,0,0,0,0,0,0,0,0.01,10.86,13.64,56.55
"2025-03-01 06:04:00",67284,-170.9948,1,0,60,0,0,0,0,0,0,0,0,0,0,0,0,0,0,0,0.01,10.86,13.64,56.54
"2025-03-01 06:05:00",67285,-774.0236,1,0,60,0,0,0,0,0,0,0,0,0,0,0,0,0,0,0,0.01,10.86,13.64,56.54
"2025-03-01 06:06:00",67286,-1107.14,1,0,60,0,0,0,0,0,0,0,0,0,0,0,0,0,0,0,0.01,10.86,13.64,56.54
"2025-03-01 06:07:00",67287,-1132.253,1,0,60,0,0,0,0,0,0,0,0,0,0,0,0,0,0,0,0.01,10.86,13.64,56.54
"2025-03-01 06:08:00",67288,-1106.069,1,0,60,0,0,0,0,0,0,0,0,0,0,0,0,0,0,0,0.01,10.86,13.64,56.54
"2025-03-01 06:09:00",67289,-1077.82,1,0,60,0,0,0,0,0,0,0,0,0,0,0,0,0,0,0,0.01,10.86,13.64,56.54
"2025-03-01 06:10:00",67290,-949.8451,1,0,60,0,0,0,0,0,0,0,0,0,0,0,0,0,0,0,0.01,10.86,13.64,56.54
"2025-03-01 06:11:00",67291,-769.0194,1,0,60,0,0,0,0,0,0,0,0,0,0,0,0,0,0,0,0.01,10.86,13.64,56.54
"2025-03-01 06:12:00",67292,-564.7327,1,0,60,0,0,0,0,0,0,0,0,0,0,0,0,0,0,0,0.01,10.85,13.64,56.55
"2025-03-01 06:13:00",67293,-430.5596,1,0,60,0,0,0,0,0,0,0,0,0,0,0,0,0,0,0,0.01,10.85,13.64,56.56
"2025-03-01 06:14:00",67294,-373.2743,1,0,60,0,0,0,0,0,0,0,0,0,0,0,0,0,0,0,0.01,10.86,13.64,56.57
"2025-03-01 06:15:00",67295,-358.0517,1,0,60,0,0,0,0,0,0,0,0,0,0,0,0,0,0,0,0.01,10.85,13.64,56.58
"2025-03-01 06:16:00",67296,-331.922,1,0,60,0,0,0,0,0,0,0,0,0,0,0,0,0,0,0,0.01,10.86,13.64,56.59
"2025-03-01 06:17:00",67297,-266.2694,1,0,60,0,0,0,0,0,0,0,0,0,0,0,0,0,0,0,0.01,10.86,13.64,56.59
"2025-03-01 06:18:00",67298,-212.5301,1,0,60,0,0,0,0,0,0,0,0,0,0,0,0,0,0,0,0.01,10.86,13.64,56.59
"2025-03-01 06:19:00",67299,-151.2899,1,0,60,0,0,0,0,0,0,0,0,0,0,0,0,0,0,0,0.01,10.85,13.64,56.58
"2025-03-01 06:20:00",67300,-114.5382,1,0,60,0,0,0,0,0,0,0,0,0,0,0,0,0,0,0,0.01,10.84,13.64,56.56
"2025-03-01 06:21:00",67301,-80.96668,1,0,60,0,0,0,0,0,0,0,0,0,0,0,0,0,0,0,0.01,10.83,13.64,56.55
"2025-03-01 06:22:00",67302,-67.08392,1,0,60,0,0,0,0,0,0,0,0,0,0,0,0,0,0,0,0.01,10.83,13.64,56.55
"2025-03-01 06:23:00",67303,-67.85877,1,0,60,0,0,0,0,0,0,0,0,0,0,0,0,0,0,0,0.01,10.83,13.64,56.55
"2025-03-01 06:24:00",67304,-77.45294,1,0,60,0,0,0,0,0,0,0,0,0,0,0,0,0,0,0,0.01,10.83,13.64,56.55
"2025-03-01 06:25:00",67305,-77.63589,1,0,60,0,0,0,0,0,0,0,0,0,0,0,0,0,0,0,0.01,10.83,13.64,56.55
"2025-03-01 06:26:00",67306,-83.94233,1,0,60,0,0,0,0,0,0,0,0,0,0,0,0,0,0,0,0.01,10.83,13.64,56.55
"2025-03-01 06:27:00",67307,-72.84688,1,0,60,0,0,0,0,0,0,0,0,0,0,0,0,0,0,0,0.01,10.82,13.64,56.55
"2025-03-01 06:28:00",67308,-62.9137,1,0,60,0,0,0,0,0,0,0,0,0,0,0,0,0,0,0,0.01,10.81,13.64,56.55
"2025-03-01 06:29:00",67309,-56.23598,1,0,60,0,0,0,0,0,0,0,0,0,0,0,0,0,0,0,0.01,10.81,13.64,56.55
"2025-03-01 06:30:00",67310,-50.96806,1,0,60,0,0,0,0,0,0,0,0,0,0,0,0,0,0,0,0.01,10.8,13.64,56.55
"2025-03-01 06:31:00",67311,-40.11475,1,0,60,0,0,0,0,0,0,0,0,0,0,0,0,0,0,0,0.01,10.79,13.64,56.55
"2025-03-01 06:32:00",67312,-49.96721,1,0,60,0,0,0,0,0,0,0,0,0,0,0,0,0,0,0,0.01,10.77,13.64,56.55
"2025-03-01 06:33:00",67313,-60.97657,1,0,60,0,0,0,0,0,0,0,0,0,0,0,0,0,0,0,0.01,10.77,13.64,56.55
"2025-03-01 06:34:00",67314,-49.98335,1,0,60,0,0,0,0,0,0,0,0,0,0,0,0,0,0,0,0.01,10.77,13.64,56.59
"2025-03-01 06:35:00",67315,-45.85619,1,0,60,0,0,0,0,0,0,0,0,0,0,0,0,0,0,0,0.01,10.77,13.64,56.61
"2025-03-01 06:36:00",67316,-47.0938,1,0,60,0,0,0,0,0,0,0,0,0,0,0,0,0,0,0,0.01,10.77,13.64,56.61
"2025-03-01 06:37:00",67317,-56.24674,1,0,60,0,0,0,0,0,0,0,0,0,0,0,0,0,0,0,0.01,10.77,13.64,56.61
"2025-03-01 06:38:00",67318,-68.64438,1,0,60,0,0,0,0,0,0,0,0,0,0,0,0,0,0,0,0.01,10.77,13.64,56.62
"2025-03-01 06:39:00",67319,-79.35779,1,0,60,0,0,0,0,0,0,0,0,0,0,0,0,0,0,0,0.01,10.77,13.64,56.61
"2025-03-01 06:40:00",67320,-90.55547,1,0,60,0,0,0,0,0,0,0,0,0,0,0,0,0,0,0,0.01,10.77,13.64,56.61
"2025-03-01 06:41:00",67321,-105.3207,1,0,60,0,0,0,0,0,0,0,0,0,0,0,0,0,0,0,0.01,10.78,13.64,56.61
"2025-03-01 06:42:00",67322,-121.8509,1,0,60,0,0,0,0,0,0,0,0,0,0,0,0,0,0,0,0.01,10.8,13.64,56.61
"2025-03-01 06:43:00",67323,-133.1401,1,0,60,0,0,0,0,0,0,0,0,0,0,0,0,0,0,0,0.01,10.82,13.64,56.61
"2025-03-01 06:44:00",67324,-149.4443,1,0,60,0,0,0,0,0,0,0,0,0,0,0,0,0,0,0,0.01,10.84,13.64,56.61
"2025-03-01 06:45:00",67325,-153.7867,1,0,60,0,0,0,0,0,0,0,0,0,0,0,0,0,0,0,0.01,10.86,13.64,56.61
"2025-03-01 06:46:00",67326,-160.6904,1,0,60,0,0,0,0,0,0,0,0,0,0,0,0,0,0,0,0.01,10.89,13.64,56.6
"2025-03-01 06:47:00",67327,-161.5137,1,0,60,0,0,0,0,0,0,0,0,0,0,0,0,0,0,0,0.01,10.92,13.64,56.55
"2025-03-01 06:48:00",67328,-159.5281,1,0,60,0,0,0,0,0,0,0,0,0,0,0,0,0,0,0,0.01,10.96,13.64,56.55
"2025-03-01 06:49:00",67329,-167.7071,1,0,60,0,0,0,0,0,0,0,0,0,0,0,0,0,0,0,0.01,10.99,13.64,56.53
"2025-03-01 06:50:00",67330,-171.167,1,0,60,0,0,0,0,0,0,0,0,0,0,0,0,0,0,0,0.01,11.03,13.64,56.49
"2025-03-01 06:51:00",67331,-172.1517,1,0,60,0,0,0,0,0,0,0,0,0,0,0,0,0,0,0,0.01,11.07,13.64,56.48
"2025-03-01 06:52:00",67332,-181.3423,1,0,60,0,0,0,0,0,0,0,0,0,0,0,0,0,0,0,0.01,11.12,13.64,56.48
"2025-03-01 06:53:00",67333,-175.7677,1,0,60,0,0,0,0,0,0,0,0,0,0,0,0,0,0,0,0.01,11.18,13.64,56.48
"2025-03-01 06:54:00",67334,-159.3129,1,0,60,0,0,0,0,0,0,0,0,0,0,0,0,0,0,0,0.01,11.24,13.64,56.48
"2025-03-01 06:55:00",67335,-148.7878,1,0,60,0,0,0,0,0,0,0,0,0,0,0,0,0,0,0,0.01,11.31,13.64,56.48
"2025-03-01 06:56:00",67336,-137.8322,1,0,60,0,0,0,0,0,0,0,0,0,0,0,0,0,0,0,0.01,11.38,13.64,56.44
"2025-03-01 06:57:00",67337,-134.2163,1,0,60,0,0,0,0,0,0,0,0,0,0,0,0,0,0,0,0.01,11.43,13.64,56.41
"2025-03-01 06:58:00",67338,-131.176,1,0,60,0,0,0,0,0,0,0,0,0,0,0,0,0,0,0,0.01,11.49,13.64,56.39
"2025-03-01 06:59:00",67339,-124.6867,1,0,60,0,0,0,0,0,0,0,0,0,0,0,0,0,0,0,0.01,11.54,13.64,56.34
"2025-03-01 07:00:00",67340,-113.0423,1,0,60,0,0,0,0,0,0,0,0,0,0,0,0,0,0,0,0.01,11.59,13.64,56.3
