"TOA5","94083","CR1000","94083","CR1000.Std.32.05","CPU:CS110_1769_2025-01-13_GMX.cr1","59979","EF_60sec"
"TIMESTAMP","RECORD","E_field_Avg","status","Error_Count","E_status_Tot(1)","E_status_Tot(2)","E_status_Tot(3)","E_status_Tot(4)","E_status_Tot(5)","E_status_Tot(6)","E_status_Tot(7)","E_status_Tot(8)","E_status_Tot(9)","E_status_Tot(10)","E_status_Tot(11)","E_status_Tot(12)","E_status_Tot(13)","E_status_Tot(14)","E_status_Tot(15)","E_status_Tot(16)","leakage_cur_Avg","panel_temp_Avg","battery_volt_Avg","internal_RH_Avg"
"TS","RN","volts/m","","","","","","","","","","","","","","","","","","","nA","DegC","","%"
"","","Avg","Smp","Smp","Tot","Tot","Tot","Tot","Tot","Tot","Tot","Tot","Tot","Tot","Tot","Tot","Tot","Tot","Tot","Tot","Avg","Avg","Avg","Avg"
"2025-03-15 14:01:00",87921,-277.0833,1,0,60,0,0,0,0,0,0,0,0,0,0,0,0,0,0,0,0.009,25.66,13.27,56.08
"2025-03-15 14:02:00",87922,-287.2964,1,0,60,0,0,0,0,0,0,0,0,0,0,0,0,0,0,0,0.009,25.7,13.3,56.11
"2025-03-15 14:03:00",87923,-303.5385,1,0,60,0,0,0,0,0,0,0,0,0,0,0,0,0,0,0,0.009,25.74,13.3,56.07
"2025-03-15 14:04:00",87924,-315.9836,1,0,60,0,0,0,0,0,0,0,0,0,0,0,0,0,0,0,0.009,25.81,13.3,56.07
"2025-03-15 14:05:00",87925,-313.1493,1,0,60,0,0,0,0,0,0,0,0,0,0,0,0,0,0,0,0.009,25.89,13.3,56.05
"2025-03-15 14:06:00",87926,-313.2408,1,0,60,0,0,0,0,0,0,0,0,0,0,0,0,0,0,0,0.009,25.97,13.3,55.96
"2025-03-15 14:07:00",87927,-319.1245,1,0,60,0,0,0,0,0,0,0,0,0,0,0,0,0,0,0,0.009,26.05,13.3,55.83
"2025-03-15 14:08:00",87928,-313.1117,1,0,60,0,0,0,0,0,0,0,0,0,0,0,0,0,0,0,0.009,26.11,13.3,55.7
"2025-03-15 14:09:00",87929,-304.4206,1,0,60,0,0,0,0,0,0,0,0,0,0,0,0,0,0,0,0.009,26.13,13.3,55.54
"2025-03-15 14:10:00",87930,-305.5016,1,0,60,0,0,0,0,0,0,0,0,0,0,0,0,0,0,0,0.009,26.13,13.3,55.42
"2025-03-15 14:11:00",87931,-298.3002,1,0,60,0,0,0,0,0,0,0,0,0,0,0,0,0,0,0,0.009,26.13,13.3,55.36
"2025-03-15 14:12:00",87932,-317.6401,1,0,60,0,0,0,0,0,0,0,0,0,0,0,0,0,0,0,0.009,26.16,13.3,55.36
"2025-03-15 14:13:00",87933,-315.8115,1,0,60,0,0,0,0,0,0,0,0,0,0,0,0,0,0,0,0.009,26.21,13.3,55.36
"2025-03-15 14:14:00",87934,-321.7168,1,0,60,0,0,0,0,0,0,0,0,0,0,0,0,0,0,0,0.009,26.22,13.3,55.32
"2025-03-15 14:15:00",87935,-328.7353,1,0,60,0,0,0,0,0,0,0,0,0,0,0,0,0,0,0,0.009,26.25,13.3,55.23
"2025-03-15 14:16:00",87936,-325.3416,1,0,60,0,0,0,0,0,0,0,0,0,0,0,0,0,0,0,0.009,26.25,13.3,55.16
"2025-03-15 14:17:00",87937,-329.6496,1,0,60,0,0,0,0,0,0,0,0,0,0,0,0,0,0,0,0.009,26.27,13.3,55.16
"2025-03-15 14:18:00",87938,-332.984,1,0,60,0,0,0,0,0,0,0,0,0,0,0,0,0,0,0,0.009,26.28,13.3,55.11
"2025-03-15 14:19:00",87939,-335.5172,1,0,60,0,0,0,0,0,0,0,0,0,0,0,0,0,0,0,0.009,26.28,13.3,55.07
"2025-03-15 14:20:00",87940,-330.9349,1,0,60,0,0,0,0,0,0,0,0,0,0,0,0,0,0,0,0.009,26.26,13.3,55.02
"2025-03-15 14:21:00",87941,-354.2493,1,0,60,0,0,0,0,0,0,0,0,0,0,0,0,0,0,0,0.009,26.26,13.3,55.02
"2025-03-15 14:22:00",87942,-341.3256,1,0,60,0,0,0,0,0,0,0,0,0,0,0,0,0,0,0,0.009,26.24,13.3,55.01
"2025-03-15 14:23:00",87943,-333.3282,1,0,60,0,0,0,0,0,0,0,0,0,0,0,0,0,0,0,0.009,26.22,13.3,54.99
"2025-03-15 14:24:00",87944,-333.3282,1,0,60,0,0,0,0,0,0,0,0,0,0,0,0,0,0,0,0.009,26.2,13.3,55.01
"2025-03-15 14:25:00",87945,-330.7951,1,0,60,0,0,0,0,0,0,0,0,0,0,0,0,0,0,0,0.009,26.16,13.3,55.02
"2025-03-15 14:26:00",87946,-326.4012,1,0,60,0,0,0,0,0,0,0,0,0,0,0,0,0,0,0,0.009,26.13,13.3,55.07
"2025-03-15 14:27:00",87947,-336.9316,1,0,60,0,0,0,0,0,0,0,0,0,0,0,0,0,0,0,0.009,26.13,13.3,55.18
"2025-03-15 14:28:00",87948,-347.0418,1,0,60,0,0,0,0,0,0,0,0,0,0,0,0,0,0,0,0.009,26.13,13.3,55.27
"2025-03-15 14:29:00",87949,-343.1371,1,0,60,0,0,0,0,0,0,0,0,0,0,0,0,0,0,0,0.009,26.17,13.3,55.31
"2025-03-15 14:30:00",87950,-341.8,1,0,60,0,0,0,0,0,0,0,0,0,0,0,0,0,0,0,0.009,26.18,13.3,55.29
"2025-03-15 14:31:00",87951,-336.3644,1,0,60,0,0,0,0,0,0,0,0,0,0,0,0,0,0,0,0.009,26.15,13.3,55.24
"2025-03-15 14:32:00",87952,-312.4925,1,0,60,0,0,0,0,0,0,0,0,0,0,0,0,0,0,0,0.009,26.12,13.3,55.23
"2025-03-15 14:33:00",87953,-320.5498,1,0,60,0,0,0,0,0,0,0,0,0,0,0,0,0,0,0,0.009,26.09,13.3,55.27
"2025-03-15 14:34:00",87954,-333.7217,1,0,60,0,0,0,0,0,0,0,0,0,0,0,0,0,0,0,0.009,26.05,13.3,55.3
"2025-03-15 14:35:00",87955,-330.5387,1,0,60,0,0,0,0,0,0,0,0,0,0,0,0,0,0,0,0.009,26,13.3,55.37
"2025-03-15 14:36:00",87956,-335.7508,1,0,60,0,0,0,0,0,0,0,0,0,0,0,0,0,0,0,0.009,25.98,13.3,55.47
"2025-03-15 14:37:00",87957,-330.8517,1,0,60,0,0,0,0,0,0,0,0,0,0,0,0,0,0,0,0.009,25.97,13.3,55.54
"2025-03-15 14:38:00",87958,-330.8737,1,0,60,0,0,0,0,0,0,0,0,0,0,0,0,0,0,0,0.009,25.93,13.3,55.57
"2025-03-15 14:39:00",87959,-328.7981,1,0,60,0,0,0,0,0,0,0,0,0,0,0,0,0,0,0,0.009,25.87,13.29,55.58
"2025-03-15 14:40:00",87960,-325.2972,1,0,60,0,0,0,0,0,0,0,0,0,0,0,0,0,0,0,0.009,25.83,13.27,55.63
"2025-03-15 14:41:00",87961,-326.4968,1,0,60,0,0,0,0,0,0,0,0,0,0,0,0,0,0,0,0.009,25.78,13.27,55.72
"2025-03-15 14:42:00",87962,-324.6953,1,0,60,0,0,0,0,0,0,0,0,0,0,0,0,0,0,0,0.009,25.73,13.27,55.81
"2025-03-15 14:43:00",87963,-336.592,1,0,60,0,0,0,0,0,0,0,0,0,0,0,0,0,0,0,0.009,25.71,13.27,55.92
"2025-03-15 14:44:00",87964,-347.2731,1,0,60,0,0,0,0,0,0,0,0,0,0,0,0,0,0,0,0.009,25.7,13.27,56
"2025-03-15 14:45:00",87965,-332.8651,1,0,60,0,0,0,0,0,0,0,0,0,0,0,0,0,0,0,0.009,25.71,13.27,56.09
"2025-03-15 14:46:00",87966,-329.3157,1,0,60,0,0,0,0,0,0,0,0,0,0,0,0,0,0,0,0.009,25.75,13.27,56.18
"2025-03-15 14:47:00",87967,-341.9652,1,0,60,0,0,0,0,0,0,0,0,0,0,0,0,0,0,0,0.009,25.81,13.27,56.23
"2025-03-15 14:48:00",87968,-346.9347,1,0,60,0,0,0,0,0,0,0,0,0,0,0,0,0,0,0,0.009,25.83,13.27,56.17
"2025-03-15 14:49:00",87969,-349.1614,1,0,60,0,0,0,0,0,0,0,0,0,0,0,0,0,0,0,0.009,25.84,13.27,56.09
"2025-03-15 14:50:00",87970,-341.8471,1,0,60,0,0,0,0,0,0,0,0,0,0,0,0,0,0,0,0.009,25.84,13.27,56.04
"2025-03-15 14:51:00",87971,-353.0445,1,0,60,0,0,0,0,0,0,0,0,0,0,0,0,0,0,0,0.009,25.8,13.27,55.96
"2025-03-15 14:52:00",87972,-345.1977,1,0,60,0,0,0,0,0,0,0,0,0,0,0,0,0,0,0,0.009,25.74,13.27,55.9
"2025-03-15 14:53:00",87973,-341.8364,1,0,60,0,0,0,0,0,0,0,0,0,0,0,0,0,0,0,0.009,25.7,13.27,55.9
"2025-03-15 14:54:00",87974,-339.583,1,0,60,0,0,0,0,0,0,0,0,0,0,0,0,0,0,0,0.009,25.65,13.27,55.93
"2025-03-15 14:55:00",87975,-334.2748,1,0,60,0,0,0,0,0,0,0,0,0,0,0,0,0,0,0,0.009,25.62,13.27,56.03
"2025-03-15 14:56:00",87976,-342.2399,1,0,60,0,0,0,0,0,0,0,0,0,0,0,0,0,0,0,0.009,25.63,13.29,56.15
"2025-03-15 14:57:00",87977,-314.4992,1,0,60,0,0,0,0,0,0,0,0,0,0,0,0,0,0,0,0.009,25.64,13.3,56.23
"2025-03-15 14:58:00",87978,-291.2333,1,0,60,0,0,0,0,0,0,0,0,0,0,0,0,0,0,0,0.009,25.66,13.29,56.24
"2025-03-15 14:59:00",87979,-291.158,1,0,60,0,0,0,0,0,0,0,0,0,0,0,0,0,0,0,0.009,25.67,13.3,56.24
"2025-03-15 15:00:00",87980,-305.2703,1,0,60,0,0,0,0,0,0,0,0,0,0,0,0,0,0,0,0.009,25.7,13.28,56.23
