"TOA5","94083","CR1000","94083","CR1000.Std.32.05","CPU:CS110_1769_2025-01-13_GMX.cr1","59979","EF_60sec"
"TIMESTAMP","RECORD","E_field_Avg","status","Error_Count","E_status_Tot(1)","E_status_Tot(2)","E_status_Tot(3)","E_status_Tot(4)","E_status_Tot(5)","E_status_Tot(6)","E_status_Tot(7)","E_status_Tot(8)","E_status_Tot(9)","E_status_Tot(10)","E_status_Tot(11)","E_status_Tot(12)","E_status_Tot(13)","E_status_Tot(14)","E_status_Tot(15)","E_status_Tot(16)","leakage_cur_Avg","panel_temp_Avg","battery_volt_Avg","internal_RH_Avg"
"TS","RN","volts/m","","","","","","","","","","","","","","","","","","","nA","DegC","","%"
"","","Avg","Smp","Smp","Tot","Tot","Tot","Tot","Tot","Tot","Tot","Tot","Tot","Tot","Tot","Tot","Tot","Tot","Tot","Tot","Avg","Avg","Avg","Avg"
"2025-01-21 09:01:00",11302,-323.5668,1,0,60,0,0,0,0,0,0,0,0,0,0,0,0,0,0,0,0.01,18.2,13.59,51.87
"2025-01-21 09:02:00",11303,-314.1363,1,0,60,0,0,0,0,0,0,0,0,0,0,0,0,0,0,0,0.01,18.26,13.6,51.87
"2025-01-21 09:03:00",11304,-302.2258,1,0,60,0,0,0,0,0,0,0,0,0,0,0,0,0,0,0,0.01,18.34,13.61,51.87
"2025-01-21 09:04:00",11305,-294.1886,1,0,60,0,0,0,0,0,0,0,0,0,0,0,0,0,0,0,0.01,18.41,13.61,51.84
"2025-01-21 09:05:00",11306,-296.0927,1,0,60,0,0,0,0,0,0,0,0,0,0,0,0,0,0,0,0.01,18.48,13.61,51.81
"2025-01-21 09:06:00",11307,-295.0275,1,0,60,0,0,0,0,0,0,0,0,0,0,0,0,0,0,0,0.01,18.55,13.61,51.79
"2025-01-21 09:07:00",11308,-292.074,1,0,60,0,0,0,0,0,0,0,0,0,0,0,0,0,0,0,0.01,18.62,13.61,51.73
"2025-01-21 09:08:00",11309,-298.7607,1,0,60,0,0,0,0,0,0,0,0,0,0,0,0,0,0,0,0.01,18.68,13.6,51.73
"2025-01-21 09:09:00",11310,-303.4192,1,0,60,0,0,0,0,0,0,0,0,0,0,0,0,0,0,0,0.01,18.74,13.58,51.68
"2025-01-21 09:10:00",11311,-304.7963,1,0,60,0,0,0,0,0,0,0,0,0,0,0,0,0,0,0,0.01,18.8,13.58,51.66
"2025-01-21 09:11:00",11312,-300.3904,1,0,60,0,0,0,0,0,0,0,0,0,0,0,0,0,0,0,0.01,18.88,13.61,51.66
"2025-01-21 09:12:00",11313,-291.7294,1,0,60,0,0,0,0,0,0,0,0,0,0,0,0,0,0,0,0.01,18.95,13.61,51.66
"2025-01-21 09:13:00",11314,-295.1776,1,0,60,0,0,0,0,0,0,0,0,0,0,0,0,0,0,0,0.01,19.03,13.61,51.66
"2025-01-21 09:14:00",11315,-291.5518,1,0,60,0,0,0,0,0,0,0,0,0,0,0,0,0,0,0,0.01,19.1,13.61,51.65
"2025-01-21 09:15:00",11316,-293.2948,1,0,60,0,0,0,0,0,0,0,0,0,0,0,0,0,0,0,0.01,19.15,13.61,51.6
"2025-01-21 09:16:00",11317,-294.0371,1,0,60,0,0,0,0,0,0,0,0,0,0,0,0,0,0,0,0.01,19.18,13.61,51.54
"2025-01-21 09:17:00",11318,-302.7626,1,0,60,0,0,0,0,0,0,0,0,0,0,0,0,0,0,0,0.01,19.22,13.61,51.53
"2025-01-21 09:18:00",11319,-299.621,1,0,60,0,0,0,0,0,0,0,0,0,0,0,0,0,0,0,0.01,19.27,13.61,51.53
"2025-01-21 09:19:00",11320,-288.5392,1,0,60,0,0,0,0,0,0,0,0,0,0,0,0,0,0,0,0.01,19.3,13.61,51.54
"2025-01-21 09:20:00",11321,-279.1467,1,0,60,0,0,0,0,0,0,0,0,0,0,0,0,0,0,0,0.01,19.34,13.61,51.56
"2025-01-21 09:21:00",11322,-268.8396,1,0,60,0,0,0,0,0,0,0,0,0,0,0,0,0,0,0,0.01,19.38,13.61,51.59
"2025-01-21 09:22:00",11323,-271.9382,1,0,60,0,0,0,0,0,0,0,0,0,0,0,0,0,0,0,0.01,19.44,13.61,51.6
"2025-01-21 09:23:00",11324,-273.9662,1,0,60,0,0,0,0,0,0,0,0,0,0,0,0,0,0,0,0.01,19.52,13.58,51.66
"2025-01-21 09:24:00",11325,-261.0716,1,0,60,0,0,0,0,0,0,0,0,0,0,0,0,0,0,0,0.01,19.61,13.58,51.66
"2025-01-21 09:25:00",11326,-270.9161,1,0,60,0,0,0,0,0,0,0,0,0,0,0,0,0,0,0,0.01,19.7,13.59,51.67
"2025-01-21 09:26:00",11327,-280.2549,1,0,60,0,0,0,0,0,0,0,0,0,0,0,0,0,0,0,0.01,19.79,13.58,51.67
"2025-01-21 09:27:00",11328,-288.9158,1,0,60,0,0,0,0,0,0,0,0,0,0,0,0,0,0,0,0.01,19.89,13.58,51.66
"2025-01-21 09:28:00",11329,-289.1794,1,0,60,0,0,0,0,0,0,0,0,0,0,0,0,0,0,0,0.01,19.96,13.58,51.6
"2025-01-21 09:29:00",11330,-288.3079,1,0,60,0,0,0,0,0,0,0,0,0,0,0,0,0,0,0,0.01,20.04,13.58,51.54
"2025-01-21 09:30:00",11331,-281.2124,1,0,60,0,0,0,0,0,0,0,0,0,0,0,0,0,0,0,0.01,20.12,13.58,51.49
"2025-01-21 09:31:00",11332,-273.7564,1,0,60,0,0,0,0,0,0,0,0,0,0,0,0,0,0,0,0.01,20.18,13.58,51.43
"2025-01-21 09:32:00",11333,-284.1819,1,0,60,0,0,0,0,0,0,0,0,0,0,0,0,0,0,0,0.01,20.23,13.58,51.36
"2025-01-21 09:33:00",11334,-286.6026,1,0,60,0,0,0,0,0,0,0,0,0,0,0,0,0,0,0,0.01,20.27,13.58,51.31
"2025-01-21 09:34:00",11335,-278.8185,1,0,60,0,0,0,0,0,0,0,0,0,0,0,0,0,0,0,0.01,20.31,13.58,51.29
"2025-01-21 09:35:00",11336,-273.7726,1,0,60,0,0,0,0,0,0,0,0,0,0,0,0,0,0,0,0.01,20.34,13.58,51.26
"2025-01-21 09:36:00",11337,-277.8663,1,0,60,0,0,0,0,0,0,0,0,0,0,0,0,0,0,0,0.01,20.36,13.58,51.25
"2025-01-21 09:37:00",11338,-286.5596,1,0,60,0,0,0,0,0,0,0,0,0,0,0,0,0,0,0,0.01,20.39,13.58,51.26
"2025-01-21 09:38:00",11339,-277.3177,1,0,60,0,0,0,0,0,0,0,0,0,0,0,0,0,0,0,0.01,20.42,13.58,51.29
"2025-01-21 09:39:00",11340,-264.649,1,0,60,0,0,0,0,0,0,0,0,0,0,0,0,0,0,0,0.01,20.44,13.58,51.31
"2025-01-21 09:40:00",11341,-249.8984,1,0,60,0,0,0,0,0,0,0,0,0,0,0,0,0,0,0,0.01,20.47,13.58,51.34
"2025-01-21 09:41:00",11342,-254.826,1,0,60,0,0,0,0,0,0,0,0,0,0,0,0,0,0,0,0.01,20.53,13.58,51.42
"2025-01-21 09:42:00",11343,-267.2795,1,0,60,0,0,0,0,0,0,0,0,0,0,0,0,0,0,0,0.01,20.59,13.58,51.48
"2025-01-21 09:43:00",11344,-267.7691,1,0,60,0,0,0,0,0,0,0,0,0,0,0,0,0,0,0,0.01,20.66,13.58,51.52
"2025-01-21 09:44:00",11345,-273.7134,1,0,60,0,0,0,0,0,0,0,0,0,0,0,0,0,0,0,0.01,20.73,13.58,51.52
"2025-01-21 09:45:00",11346,-281.519,1,0,60,0,0,0,0,0,0,0,0,0,0,0,0,0,0,0,0.01,20.8,13.58,51.52
"2025-01-21 09:46:00",11347,-285.4138,1,0,60,0,0,0,0,0,0,0,0,0,0,0,0,0,0,0,0.011,20.89,13.58,51.52
"2025-01-21 09:47:00",11348,-273.4498,1,0,60,0,0,0,0,0,0,0,0,0,0,0,0,0,0,0,0.01,20.96,13.58,51.52
"2025-01-21 09:48:00",11349,-262.9813,1,0,60,0,0,0,0,0,0,0,0,0,0,0,0,0,0,0,0.01,21.01,13.58,51.49
"2025-01-21 09:49:00",11350,-260.2755,1,0,60,0,0,0,0,0,0,0,0,0,0,0,0,0,0,0,0.01,21.1,13.58,51.47
"2025-01-21 09:50:00",11351,-225.0667,1,0,60,0,0,0,0,0,0,0,0,0,0,0,0,0,0,0,0.01,21.13,13.58,51.42
"2025-01-21 09:51:00",11352,-221.172,1,0,60,0,0,0,0,0,0,0,0,0,0,0,0,0,0,0,0.01,21.15,13.58,51.39
"2025-01-21 09:52:00",11353,-225.7446,1,0,60,0,0,0,0,0,0,0,0,0,0,0,0,0,0,0,0.01,21.2,13.58,51.38
"2025-01-21 09:53:00",11354,-228.6011,1,0,60,0,0,0,0,0,0,0,0,0,0,0,0,0,0,0,0.01,21.22,13.58,51.38
"2025-01-21 09:54:00",11355,-219.7733,1,0,60,0,0,0,0,0,0,0,0,0,0,0,0,0,0,0,0.01,21.25,13.57,51.38
"2025-01-21 09:55:00",11356,-219.629,1,0,60,0,0,0,0,0,0,0,0,0,0,0,0,0,0,0,0.01,21.3,13.57,51.44
"2025-01-21 09:56:00",11357,-222.2056,1,0,60,0,0,0,0,0,0,0,0,0,0,0,0,0,0,0,0.01,21.33,13.58,51.47
"2025-01-21 09:57:00",11358,-223.6011,1,0,60,0,0,0,0,0,0,0,0,0,0,0,0,0,0,0,0.01,21.38,13.58,51.49
"2025-01-21 09:58:00",11359,-222.5274,1,0,60,0,0,0,0,0,0,0,0,0,0,0,0,0,0,0,0.01,21.42,13.58,51.52
"2025-01-21 09:59:00",11360,-222.6587,1,0,60,0,0,0,0,0,0,0,0,0,0,0,0,0,0,0,0.01,21.48,13.57,51.57
"2025-01-21 10:00:00",11361,-216.5923,1,0,60,0,0,0,0,0,0,0,0,0,0,0,0,0,0,0,0.01,21.55,13.57,51.6
