"TOA5","94083","CR1000","94083","CR1000.Std.32.05","CPU:CS110_1769_2025-01-13_GMX.cr1","59979","EF_60sec"
"TIMESTAMP","RECORD","E_field_Avg","status","Error_Count","E_status_Tot(1)","E_status_Tot(2)","E_status_Tot(3)","E_status_Tot(4)","E_status_Tot(5)","E_status_Tot(6)","E_status_Tot(7)","E_status_Tot(8)","E_status_Tot(9)","E_status_Tot(10)","E_status_Tot(11)","E_status_Tot(12)","E_status_Tot(13)","E_status_Tot(14)","E_status_Tot(15)","E_status_Tot(16)","leakage_cur_Avg","panel_temp_Avg","battery_volt_Avg","internal_RH_Avg"
"TS","RN","volts/m","","","","","","","","","","","","","","","","","","","nA","DegC","","%"
"","","Avg","Smp","Smp","Tot","Tot","Tot","Tot","Tot","Tot","Tot","Tot","Tot","Tot","Tot","Tot","Tot","Tot","Tot","Tot","Avg","Avg","Avg","Avg"
"2025-01-27 18:01:00",20481,-246.2815,1,0,60,0,0,0,0,0,0,0,0,0,0,0,0,0,0,0,0.01,17.07,13.44,56.46
"2025-01-27 18:02:00",20482,-239.0305,1,0,60,0,0,0,0,0,0,0,0,0,0,0,0,0,0,0,0.01,17.04,13.46,56.46
"2025-01-27 18:03:00",20483,-239.2295,1,0,60,0,0,0,0,0,0,0,0,0,0,0,0,0,0,0,0.01,17.01,13.46,56.46
"2025-01-27 18:04:00",20484,-257.287,1,0,60,0,0,0,0,0,0,0,0,0,0,0,0,0,0,0,0.01,16.98,13.46,56.46
"2025-01-27 18:05:00",20485,-264.8232,1,0,60,0,0,0,0,0,0,0,0,0,0,0,0,0,0,0,0.01,16.95,13.46,56.46
"2025-01-27 18:06:00",20486,-268.5401,1,0,60,0,0,0,0,0,0,0,0,0,0,0,0,0,0,0,0.01,16.92,13.46,56.46
"2025-01-27 18:07:00",20487,-271.6277,1,0,60,0,0,0,0,0,0,0,0,0,0,0,0,0,0,0,0.01,16.89,13.46,56.46
"2025-01-27 18:08:00",20488,-276.555,1,0,60,0,0,0,0,0,0,0,0,0,0,0,0,0,0,0,0.01,16.86,13.46,56.46
"2025-01-27 18:09:00",20489,-279.7716,1,0,60,0,0,0,0,0,0,0,0,0,0,0,0,0,0,0,0.01,16.82,13.46,56.46
"2025-01-27 18:10:00",20490,-275.6513,1,0,60,0,0,0,0,0,0,0,0,0,0,0,0,0,0,0,0.01,16.8,13.46,56.46
"2025-01-27 18:11:00",20491,-270.8477,1,0,60,0,0,0,0,0,0,0,0,0,0,0,0,0,0,0,0.01,16.77,13.46,56.46
"2025-01-27 18:12:00",20492,-274.0941,1,0,60,0,0,0,0,0,0,0,0,0,0,0,0,0,0,0,0.01,16.72,13.47,56.46
"2025-01-27 18:13:00",20493,-276.4673,1,0,60,0,0,0,0,0,0,0,0,0,0,0,0,0,0,0,0.01,16.69,13.47,56.46
"2025-01-27 18:14:00",20494,-284.6126,1,0,60,0,0,0,0,0,0,0,0,0,0,0,0,0,0,0,0.01,16.65,13.46,56.46
"2025-01-27 18:15:00",20495,-274.4186,1,0,60,0,0,0,0,0,0,0,0,0,0,0,0,0,0,0,0.01,16.61,13.49,56.46
"2025-01-27 18:16:00",20496,-281.4434,1,0,60,0,0,0,0,0,0,0,0,0,0,0,0,0,0,0,0.01,16.58,13.48,56.46
"2025-01-27 18:17:00",20497,-295.1947,1,0,60,0,0,0,0,0,0,0,0,0,0,0,0,0,0,0,0.01,16.54,13.46,56.46
"2025-01-27 18:18:00",20498,-293.2767,1,0,60,0,0,0,0,0,0,0,0,0,0,0,0,0,0,0,0.01,16.5,13.46,56.47
"2025-01-27 18:19:00",20499,-285.9585,1,0,60,0,0,0,0,0,0,0,0,0,0,0,0,0,0,0,0.01,16.46,13.46,56.49
"2025-01-27 18:20:00",20500,-292.5563,1,0,60,0,0,0,0,0,0,0,0,0,0,0,0,0,0,0,0.01,16.42,13.47,56.52
"2025-01-27 18:21:00",20501,-301.3413,1,0,60,0,0,0,0,0,0,0,0,0,0,0,0,0,0,0,0.01,16.38,13.47,56.53
"2025-01-27 18:22:00",20502,-298.3123,1,0,60,0,0,0,0,0,0,0,0,0,0,0,0,0,0,0,0.01,16.34,13.47,56.53
"2025-01-27 18:23:00",20503,-287.1758,1,0,60,0,0,0,0,0,0,0,0,0,0,0,0,0,0,0,0.01,16.3,13.47,56.55
"2025-01-27 18:24:00",20504,-288.8039,1,0,60,0,0,0,0,0,0,0,0,0,0,0,0,0,0,0,0.01,16.27,13.49,56.59
"2025-01-27 18:25:00",20505,-290.3666,1,0,60,0,0,0,0,0,0,0,0,0,0,0,0,0,0,0,0.01,16.22,13.48,56.6
"2025-01-27 18:26:00",20506,-277.4691,1,0,60,0,0,0,0,0,0,0,0,0,0,0,0,0,0,0,0.01,16.19,13.49,56.61
"2025-01-27 18:27:00",20507,-273.9348,1,0,60,0,0,0,0,0,0,0,0,0,0,0,0,0,0,0,0.01,16.15,13.47,56.64
"2025-01-27 18:28:00",20508,-281.2412,1,0,60,0,0,0,0,0,0,0,0,0,0,0,0,0,0,0,0.01,16.12,13.47,56.66
"2025-01-27 18:29:00",20509,-261.8118,1,0,60,0,0,0,0,0,0,0,0,0,0,0,0,0,0,0,0.01,16.09,13.47,56.66
"2025-01-27 18:30:00",20510,-269.6062,1,0,60,0,0,0,0,0,0,0,0,0,0,0,0,0,0,0,0.01,16.07,13.46,56.69
"2025-01-27 18:31:00",20511,-283.0859,1,0,60,0,0,0,0,0,0,0,0,0,0,0,0,0,0,0,0.01,16.04,13.49,56.7
"2025-01-27 18:32:00",20512,-288.7917,1,0,60,0,0,0,0,0,0,0,0,0,0,0,0,0,0,0,0.01,16.02,13.5,56.7
"2025-01-27 18:33:00",20513,-287.4981,1,0,60,0,0,0,0,0,0,0,0,0,0,0,0,0,0,0,0.01,16,13.5,56.7
"2025-01-27 18:34:00",20514,-293.4022,1,0,60,0,0,0,0,0,0,0,0,0,0,0,0,0,0,0,0.01,15.98,13.5,56.7
"2025-01-27 18:35:00",20515,-288.4766,1,0,60,0,0,0,0,0,0,0,0,0,0,0,0,0,0,0,0.011,15.95,13.5,56.7
"2025-01-27 18:36:00",20516,-274.6306,1,0,60,0,0,0,0,0,0,0,0,0,0,0,0,0,0,0,0.01,15.94,13.5,56.7
"2025-01-27 18:37:00",20517,-278.6613,1,0,60,0,0,0,0,0,0,0,0,0,0,0,0,0,0,0,0.011,15.92,13.5,56.7
"2025-01-27 18:38:00",20518,-261.1832,1,0,60,0,0,0,0,0,0,0,0,0,0,0,0,0,0,0,0.01,15.91,13.5,56.68
"2025-01-27 18:39:00",20519,-256.9477,1,0,60,0,0,0,0,0,0,0,0,0,0,0,0,0,0,0,0.01,15.9,13.5,56.66
"2025-01-27 18:40:00",20520,-258.7982,1,0,60,0,0,0,0,0,0,0,0,0,0,0,0,0,0,0,0.01,15.9,13.5,56.66
"2025-01-27 18:41:00",20521,-244.1513,1,0,60,0,0,0,0,0,0,0,0,0,0,0,0,0,0,0,0.01,15.89,13.5,56.64
"2025-01-27 18:42:00",20522,-233.4202,1,0,60,0,0,0,0,0,0,0,0,0,0,0,0,0,0,0,0.01,15.87,13.5,56.61
"2025-01-27 18:43:00",20523,-236.6923,1,0,60,0,0,0,0,0,0,0,0,0,0,0,0,0,0,0,0.01,15.85,13.5,56.6
"2025-01-27 18:44:00",20524,-227.0741,1,0,60,0,0,0,0,0,0,0,0,0,0,0,0,0,0,0,0.01,15.84,13.5,56.59
"2025-01-27 18:45:00",20525,-234.822,1,0,60,0,0,0,0,0,0,0,0,0,0,0,0,0,0,0,0.01,15.82,13.5,56.54
"2025-01-27 18:46:00",20526,-244.9101,1,0,60,0,0,0,0,0,0,0,0,0,0,0,0,0,0,0,0.01,15.8,13.5,56.53
"2025-01-27 18:47:00",20527,-243.5712,1,0,60,0,0,0,0,0,0,0,0,0,0,0,0,0,0,0,0.01,15.8,13.5,56.53
"2025-01-27 18:48:00",20528,-231.7143,1,0,60,0,0,0,0,0,0,0,0,0,0,0,0,0,0,0,0.01,15.8,13.5,56.53
"2025-01-27 18:49:00",20529,-245.6434,1,0,60,0,0,0,0,0,0,0,0,0,0,0,0,0,0,0,0.01,15.78,13.5,56.5
"2025-01-27 18:50:00",20530,-255.6075,1,0,60,0,0,0,0,0,0,0,0,0,0,0,0,0,0,0,0.01,15.77,13.5,56.48
"2025-01-27 18:51:00",20531,-317.6604,1,0,60,0,0,0,0,0,0,0,0,0,0,0,0,0,0,0,0.01,15.75,13.5,56.46
"2025-01-27 18:52:00",20532,-320.6896,1,0,60,0,0,0,0,0,0,0,0,0,0,0,0,0,0,0,0.01,15.75,13.5,56.46
"2025-01-27 18:53:00",20533,-328.507,1,0,60,0,0,0,0,0,0,0,0,0,0,0,0,0,0,0,0.01,15.75,13.5,56.46
"2025-01-27 18:54:00",20534,-275.1916,1,0,60,0,0,0,0,0,0,0,0,0,0,0,0,0,0,0,0.01,15.73,13.5,56.42
"2025-01-27 18:55:00",20535,-262.7318,1,0,60,0,0,0,0,0,0,0,0,0,0,0,0,0,0,0,0.01,15.73,13.5,56.39
"2025-01-27 18:56:00",20536,-275.9559,1,0,60,0,0,0,0,0,0,0,0,0,0,0,0,0,0,0,0.01,15.73,13.5,56.39
"2025-01-27 18:57:00",20537,-281.8471,1,0,60,0,0,0,0,0,0,0,0,0,0,0,0,0,0,0,0.01,15.72,13.5,56.37
"2025-01-27 18:58:00",20538,-291.0201,1,0,60,0,0,0,0,0,0,0,0,0,0,0,0,0,0,0,0.01,15.7,13.5,56.33
"2025-01-27 18:59:00",20539,-293.8339,1,0,60,0,0,0,0,0,0,0,0,0,0,0,0,0,0,0,0.01,15.7,13.5,56.32
"2025-01-27 19:00:00",20540,-312.1313,1,0,60,0,0,0,0,0,0,0,0,0,0,0,0,0,0,0,0.01,15.68,13.5,56.27
