"TOA5","94083","CR1000","94083","CR1000.Std.32.05","CPU:CS110_1769_2025-01-13_GMX.cr1","59979","EF_60sec"
"TIMESTAMP","RECORD","E_field_Avg","status","Error_Count","E_status_Tot(1)","E_status_Tot(2)","E_status_Tot(3)","E_status_Tot(4)","E_status_Tot(5)","E_status_Tot(6)","E_status_Tot(7)","E_status_Tot(8)","E_status_Tot(9)","E_status_Tot(10)","E_status_Tot(11)","E_status_Tot(12)","E_status_Tot(13)","E_status_Tot(14)","E_status_Tot(15)","E_status_Tot(16)","leakage_cur_Avg","panel_temp_Avg","battery_volt_Avg","internal_RH_Avg"
"TS","RN","volts/m","","","","","","","","","","","","","","","","","","","nA","DegC","","%"
"","","Avg","Smp","Smp","Tot","Tot","Tot","Tot","Tot","Tot","Tot","Tot","Tot","Tot","Tot","Tot","Tot","Tot","Tot","Tot","Avg","Avg","Avg","Avg"
"2025-02-03 08:01:00",29961,-250.1977,1,0,60,0,0,0,0,0,0,0,0,0,0,0,0,0,0,0,0.01,13.51,13.55,53.9
"2025-02-03 08:02:00",29962,-245.2275,1,0,60,0,0,0,0,0,0,0,0,0,0,0,0,0,0,0,0.01,13.57,13.59,53.9
"2025-02-03 08:03:00",29963,-232.4709,1,0,60,0,0,0,0,0,0,0,0,0,0,0,0,0,0,0,0.01,13.62,13.59,53.89
"2025-02-03 08:04:00",29964,-208.9794,1,0,60,0,0,0,0,0,0,0,0,0,0,0,0,0,0,0,0.01,13.67,13.59,53.84
"2025-02-03 08:05:00",29965,-185.4608,1,0,60,0,0,0,0,0,0,0,0,0,0,0,0,0,0,0,0.01,13.73,13.59,53.82
"2025-02-03 08:06:00",29966,-177.2879,1,0,60,0,0,0,0,0,0,0,0,0,0,0,0,0,0,0,0.01,13.79,13.59,53.77
"2025-02-03 08:07:00",29967,-186.7532,1,0,60,0,0,0,0,0,0,0,0,0,0,0,0,0,0,0,0.01,13.85,13.59,53.74
"2025-02-03 08:08:00",29968,-190.3773,1,0,60,0,0,0,0,0,0,0,0,0,0,0,0,0,0,0,0.011,13.9,13.59,53.69
"2025-02-03 08:09:00",29969,-191.1691,1,0,60,0,0,0,0,0,0,0,0,0,0,0,0,0,0,0,0.01,13.96,13.59,53.64
"2025-02-03 08:10:00",29970,-192.193,1,0,60,0,0,0,0,0,0,0,0,0,0,0,0,0,0,0,0.01,14.02,13.59,53.62
"2025-02-03 08:11:00",29971,-190.7796,1,0,60,0,0,0,0,0,0,0,0,0,0,0,0,0,0,0,0.01,14.07,13.59,53.56
"2025-02-03 08:12:00",29972,-185.8432,1,0,60,0,0,0,0,0,0,0,0,0,0,0,0,0,0,0,0.01,14.13,13.59,53.53
"2025-02-03 08:13:00",29973,-193.0023,1,0,60,0,0,0,0,0,0,0,0,0,0,0,0,0,0,0,0.01,14.19,13.59,53.48
"2025-02-03 08:14:00",29974,-204.8694,1,0,60,0,0,0,0,0,0,0,0,0,0,0,0,0,0,0,0.01,14.24,13.59,53.43
"2025-02-03 08:15:00",29975,-197.7175,1,0,60,0,0,0,0,0,0,0,0,0,0,0,0,0,0,0,0.01,14.29,13.59,53.37
"2025-02-03 08:16:00",29976,-188.1449,1,0,60,0,0,0,0,0,0,0,0,0,0,0,0,0,0,0,0.01,14.33,13.59,53.31
"2025-02-03 08:17:00",29977,-203.4771,1,0,60,0,0,0,0,0,0,0,0,0,0,0,0,0,0,0,0.01,14.37,13.59,53.25
"2025-02-03 08:18:00",29978,-209.2329,1,0,60,0,0,0,0,0,0,0,0,0,0,0,0,0,0,0,0.01,14.41,13.59,53.21
"2025-02-03 08:19:00",29979,-224.9098,1,0,60,0,0,0,0,0,0,0,0,0,0,0,0,0,0,0,0.01,14.45,13.59,53.16
"2025-02-03 08:20:00",29980,-227.6046,1,0,60,0,0,0,0,0,0,0,0,0,0,0,0,0,0,0,0.01,14.5,13.59,53.15
"2025-02-03 08:21:00",29981,-225.0054,1,0,60,0,0,0,0,0,0,0,0,0,0,0,0,0,0,0,0.01,14.55,13.6,53.12
"2025-02-03 08:22:00",29982,-218.8286,1,0,60,0,0,0,0,0,0,0,0,0,0,0,0,0,0,0,0.01,14.6,13.6,53.1
"2025-02-03 08:23:00",29983,-193.4666,1,0,60,0,0,0,0,0,0,0,0,0,0,0,0,0,0,0,0.01,14.65,13.6,53.08
"2025-02-03 08:24:00",29984,-197.3884,1,0,60,0,0,0,0,0,0,0,0,0,0,0,0,0,0,0,0.01,14.7,13.6,53.05
"2025-02-03 08:25:00",29985,-212.0972,1,0,60,0,0,0,0,0,0,0,0,0,0,0,0,0,0,0,0.01,14.73,13.6,53.02
"2025-02-03 08:26:00",29986,-235.457,1,0,60,0,0,0,0,0,0,0,0,0,0,0,0,0,0,0,0.01,14.76,13.6,52.98
"2025-02-03 08:27:00",29987,-244.5222,1,0,60,0,0,0,0,0,0,0,0,0,0,0,0,0,0,0,0.01,14.8,13.6,52.95
"2025-02-03 08:28:00",29988,-247.1528,1,0,60,0,0,0,0,0,0,0,0,0,0,0,0,0,0,0,0.011,14.82,13.6,52.91
"2025-02-03 08:29:00",29989,-271.6318,1,0,60,0,0,0,0,0,0,0,0,0,0,0,0,0,0,0,0.01,14.85,13.6,52.88
"2025-02-03 08:30:00",29990,-286.9109,1,0,60,0,0,0,0,0,0,0,0,0,0,0,0,0,0,0,0.01,14.88,13.6,52.85
"2025-02-03 08:31:00",29991,-289.5685,1,0,60,0,0,0,0,0,0,0,0,0,0,0,0,0,0,0,0.01,14.92,13.6,52.81
"2025-02-03 08:32:00",29992,-291.1125,1,0,60,0,0,0,0,0,0,0,0,0,0,0,0,0,0,0,0.01,14.97,13.6,52.81
"2025-02-03 08:33:00",29993,-282.6497,1,0,60,0,0,0,0,0,0,0,0,0,0,0,0,0,0,0,0.01,15.01,13.6,52.79
"2025-02-03 08:34:00",29994,-283.5211,1,0,60,0,0,0,0,0,0,0,0,0,0,0,0,0,0,0,0.01,15.05,13.6,52.76
"2025-02-03 08:35:00",29995,-267.3811,1,0,60,0,0,0,0,0,0,0,0,0,0,0,0,0,0,0,0.01,15.11,13.6,52.75
"2025-02-03 08:36:00",29996,-251.1926,1,0,60,0,0,0,0,0,0,0,0,0,0,0,0,0,0,0,0.01,15.18,13.6,52.75
"2025-02-03 08:37:00",29997,-250.4071,1,0,60,0,0,0,0,0,0,0,0,0,0,0,0,0,0,0,0.01,15.24,13.6,52.76
"2025-02-03 08:38:00",29998,-262.6143,1,0,60,0,0,0,0,0,0,0,0,0,0,0,0,0,0,0,0.01,15.31,13.6,52.76
"2025-02-03 08:39:00",29999,-257.9337,1,0,60,0,0,0,0,0,0,0,0,0,0,0,0,0,0,0,0.01,15.39,13.6,52.76
"2025-02-03 08:40:00",30000,-259.0473,1,0,60,0,0,0,0,0,0,0,0,0,0,0,0,0,0,0,0.01,15.46,13.6,52.75
"2025-02-03 08:41:00",30001,-272.4758,1,0,60,0,0,0,0,0,0,0,0,0,0,0,0,0,0,0,0.01,15.53,13.6,52.75
"2025-02-03 08:42:00",30002,-285.3931,1,0,60,0,0,0,0,0,0,0,0,0,0,0,0,0,0,0,0.011,15.61,13.6,52.74
"2025-02-03 08:43:00",30003,-295.6743,1,0,60,0,0,0,0,0,0,0,0,0,0,0,0,0,0,0,0.01,15.69,13.6,52.69
"2025-02-03 08:44:00",30004,-280.2821,1,0,60,0,0,0,0,0,0,0,0,0,0,0,0,0,0,0,0.01,15.77,13.6,52.68
"2025-02-03 08:45:00",30005,-268.9518,1,0,60,0,0,0,0,0,0,0,0,0,0,0,0,0,0,0,0.01,15.85,13.6,52.63
"2025-02-03 08:46:00",30006,-273.6964,1,0,60,0,0,0,0,0,0,0,0,0,0,0,0,0,0,0,0.01,15.92,13.6,52.59
"2025-02-03 08:47:00",30007,-264.1331,1,0,60,0,0,0,0,0,0,0,0,0,0,0,0,0,0,0,0.01,15.99,13.6,52.54
"2025-02-03 08:48:00",30008,-266.0474,1,0,60,0,0,0,0,0,0,0,0,0,0,0,0,0,0,0,0.01,16.06,13.58,52.5
"2025-02-03 08:49:00",30009,-257.4088,1,0,60,0,0,0,0,0,0,0,0,0,0,0,0,0,0,0,0.01,16.13,13.6,52.46
"2025-02-03 08:50:00",30010,-249.3683,1,0,60,0,0,0,0,0,0,0,0,0,0,0,0,0,0,0,0.01,16.2,13.6,52.41
"2025-02-03 08:51:00",30011,-251.0809,1,0,60,0,0,0,0,0,0,0,0,0,0,0,0,0,0,0,0.01,16.26,13.6,52.37
"2025-02-03 08:52:00",30012,-250.878,1,0,60,0,0,0,0,0,0,0,0,0,0,0,0,0,0,0,0.01,16.32,13.6,52.34
"2025-02-03 08:53:00",30013,-252.219,1,0,60,0,0,0,0,0,0,0,0,0,0,0,0,0,0,0,0.01,16.38,13.6,52.32
"2025-02-03 08:54:00",30014,-266.7003,1,0,60,0,0,0,0,0,0,0,0,0,0,0,0,0,0,0,0.01,16.43,13.57,52.28
"2025-02-03 08:55:00",30015,-275.6692,1,0,60,0,0,0,0,0,0,0,0,0,0,0,0,0,0,0,0.01,16.47,13.58,52.27
"2025-02-03 08:56:00",30016,-279.7286,1,0,60,0,0,0,0,0,0,0,0,0,0,0,0,0,0,0,0.01,16.52,13.6,52.22
"2025-02-03 08:57:00",30017,-287.3839,1,0,60,0,0,0,0,0,0,0,0,0,0,0,0,0,0,0,0.01,16.58,13.6,52.19
"2025-02-03 08:58:00",30018,-279.6973,1,0,60,0,0,0,0,0,0,0,0,0,0,0,0,0,0,0,0.01,16.61,13.6,52.14
"2025-02-03 08:59:00",30019,-277.6489,1,0,60,0,0,0,0,0,0,0,0,0,0,0,0,0,0,0,0.01,16.65,13.58,52.08
"2025-02-03 09:00:00",30020,-277.479,1,0,60,0,0,0,0,0,0,0,0,0,0,0,0,0,0,0,0.01,16.69,13.6,52.01
