"TOA5","94083","CR1000","94083","CR1000.Std.32.05","CPU:CS110_1769_2025-01-13_GMX.cr1","59979","EF_60sec"
"TIMESTAMP","RECORD","E_field_Avg","status","Error_Count","E_status_Tot(1)","E_status_Tot(2)","E_status_Tot(3)","E_status_Tot(4)","E_status_Tot(5)","E_status_Tot(6)","E_status_Tot(7)","E_status_Tot(8)","E_status_Tot(9)","E_status_Tot(10)","E_status_Tot(11)","E_status_Tot(12)","E_status_Tot(13)","E_status_Tot(14)","E_status_Tot(15)","E_status_Tot(16)","leakage_cur_Avg","panel_temp_Avg","battery_volt_Avg","internal_RH_Avg"
"TS","RN","volts/m","","","","","","","","","","","","","","","","","","","nA","DegC","","%"
"","","Avg","Smp","Smp","Tot","Tot","Tot","Tot","Tot","Tot","Tot","Tot","Tot","Tot","Tot","Tot","Tot","Tot","Tot","Tot","Avg","Avg","Avg","Avg"
"2025-01-20 18:01:00",10402,-182.7069,1,0,60,0,0,0,0,0,0,0,0,0,0,0,0,0,0,0,0.01,16.51,13.45,55.65
"2025-01-20 18:02:00",10403,-186.5019,1,0,60,0,0,0,0,0,0,0,0,0,0,0,0,0,0,0,0.01,16.5,13.47,55.64
"2025-01-20 18:03:00",10404,-197.0935,1,0,60,0,0,0,0,0,0,0,0,0,0,0,0,0,0,0,0.01,16.49,13.47,55.59
"2025-01-20 18:04:00",10405,-206.3607,1,0,60,0,0,0,0,0,0,0,0,0,0,0,0,0,0,0,0.01,16.48,13.47,55.57
"2025-01-20 18:05:00",10406,-208.1428,1,0,60,0,0,0,0,0,0,0,0,0,0,0,0,0,0,0,0.01,16.46,13.47,55.54
"2025-01-20 18:06:00",10407,-205.531,1,0,60,0,0,0,0,0,0,0,0,0,0,0,0,0,0,0,0.01,16.45,13.47,55.52
"2025-01-20 18:07:00",10408,-201.9124,1,0,60,0,0,0,0,0,0,0,0,0,0,0,0,0,0,0,0.01,16.44,13.47,55.52
"2025-01-20 18:08:00",10409,-208.6459,1,0,60,0,0,0,0,0,0,0,0,0,0,0,0,0,0,0,0.01,16.42,13.47,55.52
"2025-01-20 18:09:00",10410,-192.6,1,0,60,0,0,0,0,0,0,0,0,0,0,0,0,0,0,0,0.01,16.41,13.46,55.49
"2025-01-20 18:10:00",10411,-191.1979,1,0,60,0,0,0,0,0,0,0,0,0,0,0,0,0,0,0,0.01,16.4,13.47,55.45
"2025-01-20 18:11:00",10412,-201.6845,1,0,60,0,0,0,0,0,0,0,0,0,0,0,0,0,0,0,0.01,16.39,13.47,55.45
"2025-01-20 18:12:00",10413,-182.5771,1,0,60,0,0,0,0,0,0,0,0,0,0,0,0,0,0,0,0.01,16.39,13.46,55.43
"2025-01-20 18:13:00",10414,-192.0427,1,0,60,0,0,0,0,0,0,0,0,0,0,0,0,0,0,0,0.01,16.37,13.47,55.39
"2025-01-20 18:14:00",10415,-196.6498,1,0,60,0,0,0,0,0,0,0,0,0,0,0,0,0,0,0,0.01,16.35,13.46,55.38
"2025-01-20 18:15:00",10416,-203.6025,1,0,60,0,0,0,0,0,0,0,0,0,0,0,0,0,0,0,0.01,16.34,13.47,55.38
"2025-01-20 18:16:00",10417,-218.9751,1,0,60,0,0,0,0,0,0,0,0,0,0,0,0,0,0,0,0.01,16.31,13.46,55.35
"2025-01-20 18:17:00",10418,-226.4712,1,0,60,0,0,0,0,0,0,0,0,0,0,0,0,0,0,0,0.01,16.29,13.47,55.32
"2025-01-20 18:18:00",10419,-212.3055,1,0,60,0,0,0,0,0,0,0,0,0,0,0,0,0,0,0,0.01,16.28,13.46,55.31
"2025-01-20 18:19:00",10420,-228.091,1,0,60,0,0,0,0,0,0,0,0,0,0,0,0,0,0,0,0.01,16.25,13.47,55.31
"2025-01-20 18:20:00",10421,-231.7836,1,0,60,0,0,0,0,0,0,0,0,0,0,0,0,0,0,0,0.01,16.22,13.46,55.29
"2025-01-20 18:21:00",10422,-222.2729,1,0,60,0,0,0,0,0,0,0,0,0,0,0,0,0,0,0,0.01,16.19,13.46,55.28
"2025-01-20 18:22:00",10423,-217.0768,1,0,60,0,0,0,0,0,0,0,0,0,0,0,0,0,0,0,0.01,16.15,13.46,55.28
"2025-01-20 18:23:00",10424,-219.5475,1,0,60,0,0,0,0,0,0,0,0,0,0,0,0,0,0,0,0.01,16.12,13.47,55.29
"2025-01-20 18:24:00",10425,-227.1883,1,0,60,0,0,0,0,0,0,0,0,0,0,0,0,0,0,0,0.01,16.08,13.46,55.31
"2025-01-20 18:25:00",10426,-235.4209,1,0,60,0,0,0,0,0,0,0,0,0,0,0,0,0,0,0,0.01,16.06,13.47,55.31
"2025-01-20 18:26:00",10427,-257.2119,1,0,60,0,0,0,0,0,0,0,0,0,0,0,0,0,0,0,0.01,16.03,13.46,55.31
"2025-01-20 18:27:00",10428,-266.6657,1,0,60,0,0,0,0,0,0,0,0,0,0,0,0,0,0,0,0.01,16,13.47,55.31
"2025-01-20 18:28:00",10429,-270.9328,1,0,60,0,0,0,0,0,0,0,0,0,0,0,0,0,0,0,0.01,15.98,13.46,55.31
"2025-01-20 18:29:00",10430,-269.9272,1,0,60,0,0,0,0,0,0,0,0,0,0,0,0,0,0,0,0.01,15.95,13.46,55.34
"2025-01-20 18:30:00",10431,-271.7837,1,0,60,0,0,0,0,0,0,0,0,0,0,0,0,0,0,0,0.01,15.91,13.47,55.35
"2025-01-20 18:31:00",10432,-254.1094,1,0,60,0,0,0,0,0,0,0,0,0,0,0,0,0,0,0,0.01,15.89,13.47,55.37
"2025-01-20 18:32:00",10433,-235.1546,1,0,60,0,0,0,0,0,0,0,0,0,0,0,0,0,0,0,0.01,15.86,13.46,55.38
"2025-01-20 18:33:00",10434,-227.6599,1,0,60,0,0,0,0,0,0,0,0,0,0,0,0,0,0,0,0.01,15.83,13.46,55.38
"2025-01-20 18:34:00",10435,-225.9276,1,0,60,0,0,0,0,0,0,0,0,0,0,0,0,0,0,0,0.01,15.8,13.46,55.4
"2025-01-20 18:35:00",10436,-227.3696,1,0,60,0,0,0,0,0,0,0,0,0,0,0,0,0,0,0,0.01,15.8,13.46,55.42
"2025-01-20 18:36:00",10437,-226.4174,1,0,60,0,0,0,0,0,0,0,0,0,0,0,0,0,0,0,0.01,15.78,13.47,55.43
"2025-01-20 18:37:00",10438,-230.8078,1,0,60,0,0,0,0,0,0,0,0,0,0,0,0,0,0,0,0.01,15.75,13.46,55.42
"2025-01-20 18:38:00",10439,-234.5473,1,0,60,0,0,0,0,0,0,0,0,0,0,0,0,0,0,0,0.01,15.74,13.47,55.41
"2025-01-20 18:39:00",10440,-246.3465,1,0,60,0,0,0,0,0,0,0,0,0,0,0,0,0,0,0,0.01,15.71,13.46,55.41
"2025-01-20 18:40:00",10441,-252.9644,1,0,60,0,0,0,0,0,0,0,0,0,0,0,0,0,0,0,0.01,15.68,13.47,55.4
"2025-01-20 18:41:00",10442,-255.4018,1,0,60,0,0,0,0,0,0,0,0,0,0,0,0,0,0,0,0.01,15.65,13.46,55.39
"2025-01-20 18:42:00",10443,-256.8492,1,0,60,0,0,0,0,0,0,0,0,0,0,0,0,0,0,0,0.01,15.62,13.46,55.41
"2025-01-20 18:43:00",10444,-256.0583,1,0,60,0,0,0,0,0,0,0,0,0,0,0,0,0,0,0,0.01,15.6,13.46,55.42
"2025-01-20 18:44:00",10445,-251.1353,1,0,60,0,0,0,0,0,0,0,0,0,0,0,0,0,0,0,0.01,15.57,13.47,55.45
"2025-01-20 18:45:00",10446,-251.8831,1,0,60,0,0,0,0,0,0,0,0,0,0,0,0,0,0,0,0.01,15.54,13.46,55.45
"2025-01-20 18:46:00",10447,-263.5479,1,0,60,0,0,0,0,0,0,0,0,0,0,0,0,0,0,0,0.01,15.51,13.46,55.45
"2025-01-20 18:47:00",10448,-261.6325,1,0,60,0,0,0,0,0,0,0,0,0,0,0,0,0,0,0,0.01,15.5,13.46,55.45
"2025-01-20 18:48:00",10449,-253.5726,1,0,60,0,0,0,0,0,0,0,0,0,0,0,0,0,0,0,0.01,15.47,13.46,55.48
"2025-01-20 18:49:00",10450,-261.1321,1,0,60,0,0,0,0,0,0,0,0,0,0,0,0,0,0,0,0.01,15.45,13.46,55.52
"2025-01-20 18:50:00",10451,-264.8499,1,0,60,0,0,0,0,0,0,0,0,0,0,0,0,0,0,0,0.01,15.42,13.46,55.52
"2025-01-20 18:51:00",10452,-258.5172,1,0,60,0,0,0,0,0,0,0,0,0,0,0,0,0,0,0,0.01,15.41,13.46,55.52
"2025-01-20 18:52:00",10453,-249.1499,1,0,60,0,0,0,0,0,0,0,0,0,0,0,0,0,0,0,0.01,15.38,13.47,55.52
"2025-01-20 18:53:00",10454,-240.2831,1,0,60,0,0,0,0,0,0,0,0,0,0,0,0,0,0,0,0.01,15.36,13.46,55.55
"2025-01-20 18:54:00",10455,-240.848,1,0,60,0,0,0,0,0,0,0,0,0,0,0,0,0,0,0,0.01,15.34,13.46,55.55
"2025-01-20 18:55:00",10456,-246.6965,1,0,60,0,0,0,0,0,0,0,0,0,0,0,0,0,0,0,0.01,15.31,13.47,55.58
"2025-01-20 18:56:00",10457,-255.1652,1,0,60,0,0,0,0,0,0,0,0,0,0,0,0,0,0,0,0.01,15.31,13.46,55.58
"2025-01-20 18:57:00",10458,-259.9054,1,0,60,0,0,0,0,0,0,0,0,0,0,0,0,0,0,0,0.01,15.29,13.47,55.58
"2025-01-20 18:58:00",10459,-266.4479,1,0,60,0,0,0,0,0,0,0,0,0,0,0,0,0,0,0,0.01,15.29,13.46,55.58
"2025-01-20 18:59:00",10460,-270.7738,1,0,60,0,0,0,0,0,0,0,0,0,0,0,0,0,0,0,0.01,15.29,13.47,55.59
"2025-01-20 19:00:00",10461,-266.5771,1,0,60,0,0,0,0,0,0,0,0,0,0,0,0,0,0,0,0.01,15.29,13.49,55.6
