"TOA5","94083","CR1000","94083","CR1000.Std.32.05","CPU:CS110_1769_2024-07-30_GMX.cr1","47192","EF_60sec"
"TIMESTAMP","RECORD","E_field_Avg","status","Error_Count","E_status_Tot(1)","E_status_Tot(2)","E_status_Tot(3)","E_status_Tot(4)","E_status_Tot(5)","E_status_Tot(6)","E_status_Tot(7)","E_status_Tot(8)","E_status_Tot(9)","E_status_Tot(10)","E_status_Tot(11)","E_status_Tot(12)","E_status_Tot(13)","E_status_Tot(14)","E_status_Tot(15)","E_status_Tot(16)","leakage_cur_Avg","panel_temp_Avg","battery_volt_Avg","internal_RH_Avg"
"TS","RN","volts/m","","","","","","","","","","","","","","","","","","","nA","DegC","","%"
"","","Avg","Smp","Smp","Tot","Tot","Tot","Tot","Tot","Tot","Tot","Tot","Tot","Tot","Tot","Tot","Tot","Tot","Tot","Tot","Avg","Avg","Avg","Avg"
"2024-11-19 06:01:00",120488,1301.937,1,0,60,0,0,0,0,0,0,0,0,0,0,0,0,0,0,0,0.01,16.29,13.34,52
"2024-11-19 06:02:00",120489,1484.526,1,0,60,0,0,0,0,0,0,0,0,0,0,0,0,0,0,0,0.01,16.29,13.34,52
"2024-11-19 06:03:00",120490,1685.134,1,0,60,0,0,0,0,0,0,0,0,0,0,0,0,0,0,0,0.01,16.29,13.35,52
"2024-11-19 06:04:00",120491,1819.031,1,0,60,0,0,0,0,0,0,0,0,0,0,0,0,0,0,0,0.01,16.29,13.35,52
"2024-11-19 06:05:00",120492,1642.984,1,0,60,0,0,0,0,0,0,0,0,0,0,0,0,0,0,0,0.01,16.29,13.34,51.99
"2024-11-19 06:06:00",120493,1389.724,1,0,60,0,0,0,0,0,0,0,0,0,0,0,0,0,0,0,0.01,16.29,13.35,51.94
"2024-11-19 06:07:00",120494,1091.973,1,0,60,0,0,0,0,0,0,0,0,0,0,0,0,0,0,0,0.01,16.29,13.35,51.93
"2024-11-19 06:08:00",120495,822.0652,1,0,60,0,0,0,0,0,0,0,0,0,0,0,0,0,0,0,0.01,16.3,13.35,51.93
"2024-11-19 06:09:00",120496,648.7842,1,0,60,0,0,0,0,0,0,0,0,0,0,0,0,0,0,0,0.01,16.32,13.35,51.93
"2024-11-19 06:10:00",120497,556.5642,1,0,60,0,0,0,0,0,0,0,0,0,0,0,0,0,0,0,0.01,16.32,13.35,51.93
"2024-11-19 06:11:00",120498,463.817,1,0,60,0,0,0,0,0,0,0,0,0,0,0,0,0,0,0,0.01,16.34,13.35,51.93
"2024-11-19 06:12:00",120499,396.874,1,0,60,0,0,0,0,0,0,0,0,0,0,0,0,0,0,0,0.01,16.34,13.35,51.93
"2024-11-19 06:13:00",120500,352.3405,1,0,60,0,0,0,0,0,0,0,0,0,0,0,0,0,0,0,0.01,16.34,13.35,51.9
"2024-11-19 06:14:00",120501,310.7232,1,0,60,0,0,0,0,0,0,0,0,0,0,0,0,0,0,0,0.01,16.35,13.35,51.87
"2024-11-19 06:15:00",120502,309.9269,1,0,60,0,0,0,0,0,0,0,0,0,0,0,0,0,0,0,0.01,16.36,13.35,51.87
"2024-11-19 06:16:00",120503,315.5386,1,0,60,0,0,0,0,0,0,0,0,0,0,0,0,0,0,0,0.01,16.36,13.35,51.87
"2024-11-19 06:17:00",120504,271.7422,1,0,60,0,0,0,0,0,0,0,0,0,0,0,0,0,0,0,0.01,16.38,13.35,51.87
"2024-11-19 06:18:00",120505,235.3923,1,0,60,0,0,0,0,0,0,0,0,0,0,0,0,0,0,0,0.01,16.39,13.35,51.87
"2024-11-19 06:19:00",120506,205.3482,1,0,60,0,0,0,0,0,0,0,0,0,0,0,0,0,0,0,0.01,16.39,13.35,51.87
"2024-11-19 06:20:00",120507,187.5875,1,0,60,0,0,0,0,0,0,0,0,0,0,0,0,0,0,0,0.01,16.39,13.35,51.84
"2024-11-19 06:21:00",120508,165.7323,1,0,60,0,0,0,0,0,0,0,0,0,0,0,0,0,0,0,0.01,16.39,13.35,51.81
"2024-11-19 06:22:00",120509,135.2793,1,0,60,0,0,0,0,0,0,0,0,0,0,0,0,0,0,0,0.01,16.39,13.35,51.8
"2024-11-19 06:23:00",120510,110.9868,1,0,60,0,0,0,0,0,0,0,0,0,0,0,0,0,0,0,0.01,16.39,13.35,51.8
"2024-11-19 06:24:00",120511,63.26806,1,0,60,0,0,0,0,0,0,0,0,0,0,0,0,0,0,0,0.01,16.39,13.35,51.8
"2024-11-19 06:25:00",120512,32.79889,1,0,60,0,0,0,0,0,0,0,0,0,0,0,0,0,0,0,0.01,16.39,13.35,51.8
"2024-11-19 06:26:00",120513,-8.409558,1,0,60,0,0,0,0,0,0,0,0,0,0,0,0,0,0,0,0.01,16.39,13.35,51.8
"2024-11-19 06:27:00",120514,-38.58819,1,0,60,0,0,0,0,0,0,0,0,0,0,0,0,0,0,0,0.01,16.39,13.35,51.8
"2024-11-19 06:28:00",120515,-46.78254,1,0,60,0,0,0,0,0,0,0,0,0,0,0,0,0,0,0,0.01,16.39,13.35,51.8
"2024-11-19 06:29:00",120516,-68.91748,1,0,60,0,0,0,0,0,0,0,0,0,0,0,0,0,0,0,0.01,16.39,13.35,51.8
"2024-11-19 06:30:00",120517,-110.9599,1,0,60,0,0,0,0,0,0,0,0,0,0,0,0,0,0,0,0.01,16.39,13.36,51.8
"2024-11-19 06:31:00",120518,-104.4012,1,0,60,0,0,0,0,0,0,0,0,0,0,0,0,0,0,0,0.01,16.39,13.38,51.8
"2024-11-19 06:32:00",120519,-105.8593,1,0,60,0,0,0,0,0,0,0,0,0,0,0,0,0,0,0,0.01,16.39,13.35,51.8
"2024-11-19 06:33:00",120520,-104.2505,1,0,60,0,0,0,0,0,0,0,0,0,0,0,0,0,0,0,0.01,16.39,13.35,51.8
"2024-11-19 06:34:00",120521,-103.3628,1,0,60,0,0,0,0,0,0,0,0,0,0,0,0,0,0,0,0.01,16.4,13.35,51.8
"2024-11-19 06:35:00",120522,-128.274,1,0,60,0,0,0,0,0,0,0,0,0,0,0,0,0,0,0,0.011,16.41,13.35,51.8
"2024-11-19 06:36:00",120523,-141.1816,1,0,60,0,0,0,0,0,0,0,0,0,0,0,0,0,0,0,0.01,16.41,13.35,51.8
"2024-11-19 06:37:00",120524,-166.5609,1,0,60,0,0,0,0,0,0,0,0,0,0,0,0,0,0,0,0.01,16.41,13.35,51.8
"2024-11-19 06:38:00",120525,-208.6302,1,0,60,0,0,0,0,0,0,0,0,0,0,0,0,0,0,0,0.011,16.41,13.35,51.8
"2024-11-19 06:39:00",120526,-210.395,1,0,60,0,0,0,0,0,0,0,0,0,0,0,0,0,0,0,0.01,16.41,13.36,51.8
"2024-11-19 06:40:00",120527,-210.481,1,0,60,0,0,0,0,0,0,0,0,0,0,0,0,0,0,0,0.01,16.41,13.35,51.8
"2024-11-19 06:41:00",120528,-217.9383,1,0,60,0,0,0,0,0,0,0,0,0,0,0,0,0,0,0,0.01,16.41,13.36,51.8
"2024-11-19 06:42:00",120529,-241.9994,1,0,60,0,0,0,0,0,0,0,0,0,0,0,0,0,0,0,0.01,16.41,13.35,51.78
"2024-11-19 06:43:00",120530,-240.3369,1,0,60,0,0,0,0,0,0,0,0,0,0,0,0,0,0,0,0.01,16.42,13.35,51.77
"2024-11-19 06:44:00",120531,-248.6765,1,0,60,0,0,0,0,0,0,0,0,0,0,0,0,0,0,0,0.01,16.43,13.35,51.77
"2024-11-19 06:45:00",120532,-268.8583,1,0,60,0,0,0,0,0,0,0,0,0,0,0,0,0,0,0,0.01,16.44,13.35,51.76
"2024-11-19 06:46:00",120533,-256.1337,1,0,60,0,0,0,0,0,0,0,0,0,0,0,0,0,0,0,0.011,16.44,13.35,51.75
"2024-11-19 06:47:00",120534,-265.8615,1,0,60,0,0,0,0,0,0,0,0,0,0,0,0,0,0,0,0.01,16.44,13.35,51.73
"2024-11-19 06:48:00",120535,-257.3228,1,0,60,0,0,0,0,0,0,0,0,0,0,0,0,0,0,0,0.01,16.44,13.37,51.73
"2024-11-19 06:49:00",120536,-191.9133,1,0,60,0,0,0,0,0,0,0,0,0,0,0,0,0,0,0,0.01,16.44,13.38,51.73
"2024-11-19 06:50:00",120537,-162.8861,1,0,60,0,0,0,0,0,0,0,0,0,0,0,0,0,0,0,0.01,16.44,13.37,51.73
"2024-11-19 06:51:00",120538,-164.4249,1,0,60,0,0,0,0,0,0,0,0,0,0,0,0,0,0,0,0.01,16.45,13.35,51.73
"2024-11-19 06:52:00",120539,-152.4266,1,0,60,0,0,0,0,0,0,0,0,0,0,0,0,0,0,0,0.01,16.46,13.36,51.73
"2024-11-19 06:53:00",120540,-166.2004,1,0,60,0,0,0,0,0,0,0,0,0,0,0,0,0,0,0,0.01,16.46,13.35,51.73
"2024-11-19 06:54:00",120541,-163.1013,1,0,60,0,0,0,0,0,0,0,0,0,0,0,0,0,0,0,0.01,16.46,13.35,51.73
"2024-11-19 06:55:00",120542,-149.3651,1,0,60,0,0,0,0,0,0,0,0,0,0,0,0,0,0,0,0.01,16.46,13.35,51.73
"2024-11-19 06:56:00",120543,-96.8525,1,0,60,0,0,0,0,0,0,0,0,0,0,0,0,0,0,0,0.01,16.48,13.35,51.73
"2024-11-19 06:57:00",120544,-100.4197,1,0,60,0,0,0,0,0,0,0,0,0,0,0,0,0,0,0,0.01,16.49,13.38,51.73
"2024-11-19 06:58:00",120545,-98.09536,1,0,60,0,0,0,0,0,0,0,0,0,0,0,0,0,0,0,0.011,16.49,13.38,51.73
"2024-11-19 06:59:00",120546,-89.44906,1,0,60,0,0,0,0,0,0,0,0,0,0,0,0,0,0,0,0.011,16.49,13.38,51.73
"2024-11-19 07:00:00",120547,-70.89208,1,0,60,0,0,0,0,0,0,0,0,0,0,0,0,0,0,0,0.01,16.49,13.38,51.73
