"TOA5","94083","CR1000","94083","CR1000.Std.32.05","CPU:CS110_1769_2024-07-30_GMX.cr1","47192","EF_60sec"
"TIMESTAMP","RECORD","E_field_Avg","status","Error_Count","E_status_Tot(1)","E_status_Tot(2)","E_status_Tot(3)","E_status_Tot(4)","E_status_Tot(5)","E_status_Tot(6)","E_status_Tot(7)","E_status_Tot(8)","E_status_Tot(9)","E_status_Tot(10)","E_status_Tot(11)","E_status_Tot(12)","E_status_Tot(13)","E_status_Tot(14)","E_status_Tot(15)","E_status_Tot(16)","leakage_cur_Avg","panel_temp_Avg","battery_volt_Avg","internal_RH_Avg"
"TS","RN","volts/m","","","","","","","","","","","","","","","","","","","nA","DegC","","%"
"","","Avg","Smp","Smp","Tot","Tot","Tot","Tot","Tot","Tot","Tot","Tot","Tot","Tot","Tot","Tot","Tot","Tot","Tot","Tot","Avg","Avg","Avg","Avg"
"2024-11-03 00:01:00",97088,-18.88197,1,0,60,0,0,0,0,0,0,0,0,0,0,0,0,0,0,0,0.01,20.96,13.22,47.74
"2024-11-03 00:02:00",97089,-32.18542,1,0,60,0,0,0,0,0,0,0,0,0,0,0,0,0,0,0,0.01,20.96,13.22,47.74
"2024-11-03 00:03:00",97090,-26.31103,1,0,60,0,0,0,0,0,0,0,0,0,0,0,0,0,0,0,0.01,20.96,13.22,47.74
"2024-11-03 00:04:00",97091,-21.25432,1,0,60,0,0,0,0,0,0,0,0,0,0,0,0,0,0,0,0.01,20.96,13.22,47.75
"2024-11-03 00:05:00",97092,-39.70593,1,0,60,0,0,0,0,0,0,0,0,0,0,0,0,0,0,0,0.01,20.94,13.22,47.76
"2024-11-03 00:06:00",97093,-41.02928,1,0,60,0,0,0,0,0,0,0,0,0,0,0,0,0,0,0,0.01,20.93,13.23,47.77
"2024-11-03 00:07:00",97094,-44.78954,1,0,60,0,0,0,0,0,0,0,0,0,0,0,0,0,0,0,0.01,20.93,13.23,47.78
"2024-11-03 00:08:00",97095,-52.8211,1,0,60,0,0,0,0,0,0,0,0,0,0,0,0,0,0,0,0.01,20.93,13.23,47.78
"2024-11-03 00:09:00",97096,-52.77269,1,0,60,0,0,0,0,0,0,0,0,0,0,0,0,0,0,0,0.01,20.91,13.23,47.78
"2024-11-03 00:10:00",97097,-45.68792,1,0,60,0,0,0,0,0,0,0,0,0,0,0,0,0,0,0,0.01,20.91,13.23,47.78
"2024-11-03 00:11:00",97098,-43.988,1,0,60,0,0,0,0,0,0,0,0,0,0,0,0,0,0,0,0.01,20.91,13.23,47.78
"2024-11-03 00:12:00",97099,-51.30409,1,0,60,0,0,0,0,0,0,0,0,0,0,0,0,0,0,0,0.01,20.91,13.23,47.78
"2024-11-03 00:13:00",97100,-56.48991,1,0,60,0,0,0,0,0,0,0,0,0,0,0,0,0,0,0,0.01,20.91,13.23,47.78
"2024-11-03 00:14:00",97101,-58.89454,1,0,60,0,0,0,0,0,0,0,0,0,0,0,0,0,0,0,0.01,20.9,13.23,47.78
"2024-11-03 00:15:00",97102,-50.64779,1,0,60,0,0,0,0,0,0,0,0,0,0,0,0,0,0,0,0.01,20.88,13.23,47.8
"2024-11-03 00:16:00",97103,-48.27544,1,0,60,0,0,0,0,0,0,0,0,0,0,0,0,0,0,0,0.01,20.88,13.23,47.81
"2024-11-03 00:17:00",97104,-51.57844,1,0,60,0,0,0,0,0,0,0,0,0,0,0,0,0,0,0,0.01,20.88,13.23,47.81
"2024-11-03 00:18:00",97105,-42.51402,1,0,60,0,0,0,0,0,0,0,0,0,0,0,0,0,0,0,0.01,20.87,13.23,47.81
"2024-11-03 00:19:00",97106,-44.23008,1,0,60,0,0,0,0,0,0,0,0,0,0,0,0,0,0,0,0.01,20.85,13.23,47.81
"2024-11-03 00:20:00",97107,-63.69841,1,0,60,0,0,0,0,0,0,0,0,0,0,0,0,0,0,0,0.01,20.85,13.23,47.81
"2024-11-03 00:21:00",97108,-77.60974,1,0,60,0,0,0,0,0,0,0,0,0,0,0,0,0,0,0,0.01,20.83,13.23,47.81
"2024-11-03 00:22:00",97109,-88.19118,1,0,60,0,0,0,0,0,0,0,0,0,0,0,0,0,0,0,0.01,20.81,13.23,47.81
"2024-11-03 00:23:00",97110,-103.3344,1,0,60,0,0,0,0,0,0,0,0,0,0,0,0,0,0,0,0.01,20.8,13.23,47.81
"2024-11-03 00:24:00",97111,-102.2962,1,0,60,0,0,0,0,0,0,0,0,0,0,0,0,0,0,0,0.01,20.79,13.23,47.81
"2024-11-03 00:25:00",97112,-109.1819,1,0,60,0,0,0,0,0,0,0,0,0,0,0,0,0,0,0,0.01,20.76,13.22,47.81
"2024-11-03 00:26:00",97113,-117.0628,1,0,60,0,0,0,0,0,0,0,0,0,0,0,0,0,0,0,0.011,20.74,13.23,47.81
"2024-11-03 00:27:00",97114,-115.5189,1,0,60,0,0,0,0,0,0,0,0,0,0,0,0,0,0,0,0.01,20.72,13.23,47.81
"2024-11-03 00:28:00",97115,-111.4252,1,0,60,0,0,0,0,0,0,0,0,0,0,0,0,0,0,0,0.01,20.69,13.23,47.83
"2024-11-03 00:29:00",97116,-96.13667,1,0,60,0,0,0,0,0,0,0,0,0,0,0,0,0,0,0,0.011,20.69,13.23,47.85
"2024-11-03 00:30:00",97117,-72.36474,1,0,60,0,0,0,0,0,0,0,0,0,0,0,0,0,0,0,0.01,20.66,13.23,47.88
"2024-11-03 00:31:00",97118,-48.66815,1,0,60,0,0,0,0,0,0,0,0,0,0,0,0,0,0,0,0.01,20.66,13.23,47.88
"2024-11-03 00:32:00",97119,-48.88871,1,0,60,0,0,0,0,0,0,0,0,0,0,0,0,0,0,0,0.01,20.64,13.23,47.88
"2024-11-03 00:33:00",97120,-50.01302,1,0,60,0,0,0,0,0,0,0,0,0,0,0,0,0,0,0,0.01,20.64,13.23,47.93
"2024-11-03 00:34:00",97121,-45.95151,1,0,60,0,0,0,0,0,0,0,0,0,0,0,0,0,0,0,0.01,20.61,13.23,47.95
"2024-11-03 00:35:00",97122,-46.06986,1,0,60,0,0,0,0,0,0,0,0,0,0,0,0,0,0,0,0.01,20.61,13.23,47.95
"2024-11-03 00:36:00",97123,-44.55822,1,0,60,0,0,0,0,0,0,0,0,0,0,0,0,0,0,0,0.01,20.6,13.23,47.95
"2024-11-03 00:37:00",97124,-46.34421,1,0,60,0,0,0,0,0,0,0,0,0,0,0,0,0,0,0,0.01,20.58,13.23,47.95
"2024-11-03 00:38:00",97125,-53.11698,1,0,60,0,0,0,0,0,0,0,0,0,0,0,0,0,0,0,0.01,20.58,13.23,47.95
"2024-11-03 00:39:00",97126,-41.83082,1,0,60,0,0,0,0,0,0,0,0,0,0,0,0,0,0,0,0.01,20.58,13.23,47.98
"2024-11-03 00:40:00",97127,-43.05197,1,0,60,0,0,0,0,0,0,0,0,0,0,0,0,0,0,0,0.01,20.58,13.23,47.98
"2024-11-03 00:41:00",97128,-62.89686,1,0,60,0,0,0,0,0,0,0,0,0,0,0,0,0,0,0,0.01,20.58,13.23,47.98
"2024-11-03 00:42:00",97129,-68.5776,1,0,60,0,0,0,0,0,0,0,0,0,0,0,0,0,0,0,0.01,20.56,13.23,47.98
"2024-11-03 00:43:00",97130,-83.68318,1,0,60,0,0,0,0,0,0,0,0,0,0,0,0,0,0,0,0.01,20.53,13.23,47.98
"2024-11-03 00:44:00",97131,-88.43325,1,0,60,0,0,0,0,0,0,0,0,0,0,0,0,0,0,0,0.01,20.51,13.23,47.98
"2024-11-03 00:45:00",97132,-60.59445,1,0,60,0,0,0,0,0,0,0,0,0,0,0,0,0,0,0,0.01,20.5,13.23,47.98
"2024-11-03 00:46:00",97133,-60.5299,1,0,60,0,0,0,0,0,0,0,0,0,0,0,0,0,0,0,0.01,20.5,13.23,47.98
"2024-11-03 00:47:00",97134,-68.19566,1,0,60,0,0,0,0,0,0,0,0,0,0,0,0,0,0,0,0.01,20.49,13.23,47.98
"2024-11-03 00:48:00",97135,-74.27984,1,0,60,0,0,0,0,0,0,0,0,0,0,0,0,0,0,0,0.01,20.48,13.23,47.98
"2024-11-03 00:49:00",97136,-69.56204,1,0,60,0,0,0,0,0,0,0,0,0,0,0,0,0,0,0,0.01,20.45,13.23,47.99
"2024-11-03 00:50:00",97137,-55.71526,1,0,60,0,0,0,0,0,0,0,0,0,0,0,0,0,0,0,0.01,20.45,13.23,48.01
"2024-11-03 00:51:00",97138,-49.25989,1,0,60,0,0,0,0,0,0,0,0,0,0,0,0,0,0,0,0.01,20.45,13.23,48.01
"2024-11-03 00:52:00",97139,-54.67702,1,0,60,0,0,0,0,0,0,0,0,0,0,0,0,0,0,0,0.01,20.45,13.23,48.01
"2024-11-03 00:53:00",97140,-46.56477,1,0,60,0,0,0,0,0,0,0,0,0,0,0,0,0,0,0,0.01,20.43,13.23,48.01
"2024-11-03 00:54:00",97141,-47.71598,1,0,60,0,0,0,0,0,0,0,0,0,0,0,0,0,0,0,0.01,20.42,13.23,48.01
"2024-11-03 00:55:00",97142,-58.10913,1,0,60,0,0,0,0,0,0,0,0,0,0,0,0,0,0,0,0.01,20.4,13.23,48.01
"2024-11-03 00:56:00",97143,-60.35775,1,0,60,0,0,0,0,0,0,0,0,0,0,0,0,0,0,0,0.01,20.39,13.23,48.01
"2024-11-03 00:57:00",97144,-54.61247,1,0,60,0,0,0,0,0,0,0,0,0,0,0,0,0,0,0,0.01,20.37,13.23,48.01
"2024-11-03 00:58:00",97145,-58.62018,1,0,60,0,0,0,0,0,0,0,0,0,0,0,0,0,0,0,0.01,20.36,13.23,48.01
"2024-11-03 00:59:00",97146,-61.86939,1,0,60,0,0,0,0,0,0,0,0,0,0,0,0,0,0,0,0.01,20.34,13.23,48.02
"2024-11-03 01:00:00",97147,-74.57571,1,0,60,0,0,0,0,0,0,0,0,0,0,0,0,0,0,0,0.01,20.34,13.23,48.05
