"TOA5","94083","CR1000","94083","CR1000.Std.32.05","CPU:CS110_1769_2025-01-13_GMX.cr1","59979","EF_60sec"
"TIMESTAMP","RECORD","E_field_Avg","status","Error_Count","E_status_Tot(1)","E_status_Tot(2)","E_status_Tot(3)","E_status_Tot(4)","E_status_Tot(5)","E_status_Tot(6)","E_status_Tot(7)","E_status_Tot(8)","E_status_Tot(9)","E_status_Tot(10)","E_status_Tot(11)","E_status_Tot(12)","E_status_Tot(13)","E_status_Tot(14)","E_status_Tot(15)","E_status_Tot(16)","leakage_cur_Avg","panel_temp_Avg","battery_volt_Avg","internal_RH_Avg"
"TS","RN","volts/m","","","","","","","","","","","","","","","","","","","nA","DegC","","%"
"","","Avg","Smp","Smp","Tot","Tot","Tot","Tot","Tot","Tot","Tot","Tot","Tot","Tot","Tot","Tot","Tot","Tot","Tot","Tot","Avg","Avg","Avg","Avg"
"2025-01-17 19:01:00",6142,-281.5435,1,0,60,0,0,0,0,0,0,0,0,0,0,0,0,0,0,0,0.01,15.84,13.5,54.88
"2025-01-17 19:02:00",6143,-271.9452,1,0,60,0,0,0,0,0,0,0,0,0,0,0,0,0,0,0,0.01,15.81,13.52,54.91
"2025-01-17 19:03:00",6144,-273.9523,1,0,60,0,0,0,0,0,0,0,0,0,0,0,0,0,0,0,0.01,15.8,13.52,54.91
"2025-01-17 19:04:00",6145,-265.8174,1,0,60,0,0,0,0,0,0,0,0,0,0,0,0,0,0,0,0.01,15.77,13.52,54.91
"2025-01-17 19:05:00",6146,-247.562,1,0,60,0,0,0,0,0,0,0,0,0,0,0,0,0,0,0,0.01,15.74,13.52,54.94
"2025-01-17 19:06:00",6147,-258.3229,1,0,60,0,0,0,0,0,0,0,0,0,0,0,0,0,0,0,0.01,15.72,13.52,54.94
"2025-01-17 19:07:00",6148,-273.9907,1,0,60,0,0,0,0,0,0,0,0,0,0,0,0,0,0,0,0.01,15.69,13.52,54.94
"2025-01-17 19:08:00",6149,-295.7814,1,0,60,0,0,0,0,0,0,0,0,0,0,0,0,0,0,0,0.01,15.66,13.52,54.93
"2025-01-17 19:09:00",6150,-301.1726,1,0,60,0,0,0,0,0,0,0,0,0,0,0,0,0,0,0,0.01,15.63,13.52,54.95
"2025-01-17 19:10:00",6151,-309.055,1,0,60,0,0,0,0,0,0,0,0,0,0,0,0,0,0,0,0.01,15.61,13.52,54.97
"2025-01-17 19:11:00",6152,-300.6455,1,0,60,0,0,0,0,0,0,0,0,0,0,0,0,0,0,0,0.01,15.6,13.52,54.98
"2025-01-17 19:12:00",6153,-295.4212,1,0,60,0,0,0,0,0,0,0,0,0,0,0,0,0,0,0,0.01,15.57,13.52,54.98
"2025-01-17 19:13:00",6154,-292.6449,1,0,60,0,0,0,0,0,0,0,0,0,0,0,0,0,0,0,0.01,15.55,13.52,54.98
"2025-01-17 19:14:00",6155,-295.4427,1,0,60,0,0,0,0,0,0,0,0,0,0,0,0,0,0,0,0.01,15.53,13.52,54.98
"2025-01-17 19:15:00",6156,-305.7301,1,0,60,0,0,0,0,0,0,0,0,0,0,0,0,0,0,0,0.01,15.51,13.52,54.98
"2025-01-17 19:16:00",6157,-310.524,1,0,60,0,0,0,0,0,0,0,0,0,0,0,0,0,0,0,0.01,15.5,13.52,54.98
"2025-01-17 19:17:00",6158,-310.0452,1,0,60,0,0,0,0,0,0,0,0,0,0,0,0,0,0,0,0.01,15.48,13.52,54.98
"2025-01-17 19:18:00",6159,-298.5097,1,0,60,0,0,0,0,0,0,0,0,0,0,0,0,0,0,0,0.01,15.46,13.52,54.98
"2025-01-17 19:19:00",6160,-290.9126,1,0,60,0,0,0,0,0,0,0,0,0,0,0,0,0,0,0,0.01,15.44,13.52,54.98
"2025-01-17 19:20:00",6161,-293.6028,1,0,60,0,0,0,0,0,0,0,0,0,0,0,0,0,0,0,0.01,15.43,13.52,54.98
"2025-01-17 19:21:00",6162,-285.7904,1,0,60,0,0,0,0,0,0,0,0,0,0,0,0,0,0,0,0.01,15.41,13.52,54.98
"2025-01-17 19:22:00",6163,-294.7434,1,0,60,0,0,0,0,0,0,0,0,0,0,0,0,0,0,0,0.01,15.41,13.52,54.98
"2025-01-17 19:23:00",6164,-311.6324,1,0,60,0,0,0,0,0,0,0,0,0,0,0,0,0,0,0,0.01,15.4,13.52,54.98
"2025-01-17 19:24:00",6165,-321.0213,1,0,60,0,0,0,0,0,0,0,0,0,0,0,0,0,0,0,0.01,15.39,13.52,54.98
"2025-01-17 19:25:00",6166,-322.1081,1,0,60,0,0,0,0,0,0,0,0,0,0,0,0,0,0,0,0.01,15.37,13.52,54.98
"2025-01-17 19:26:00",6167,-332.0403,1,0,60,0,0,0,0,0,0,0,0,0,0,0,0,0,0,0,0.01,15.36,13.52,54.98
"2025-01-17 19:27:00",6168,-342.6343,1,0,60,0,0,0,0,0,0,0,0,0,0,0,0,0,0,0,0.01,15.34,13.52,54.98
"2025-01-17 19:28:00",6169,-345.9971,1,0,60,0,0,0,0,0,0,0,0,0,0,0,0,0,0,0,0.01,15.31,13.52,54.97
"2025-01-17 19:29:00",6170,-344.13,1,0,60,0,0,0,0,0,0,0,0,0,0,0,0,0,0,0,0.01,15.29,13.52,54.97
"2025-01-17 19:30:00",6171,-342.4406,1,0,60,0,0,0,0,0,0,0,0,0,0,0,0,0,0,0,0.01,15.27,13.52,54.97
"2025-01-17 19:31:00",6172,-343.8879,1,0,60,0,0,0,0,0,0,0,0,0,0,0,0,0,0,0,0.01,15.25,13.52,54.97
"2025-01-17 19:32:00",6173,-347.9663,1,0,60,0,0,0,0,0,0,0,0,0,0,0,0,0,0,0,0.01,15.24,13.52,54.98
"2025-01-17 19:33:00",6174,-350.3767,1,0,60,0,0,0,0,0,0,0,0,0,0,0,0,0,0,0,0.01,15.21,13.52,54.98
"2025-01-17 19:34:00",6175,-353.9546,1,0,60,0,0,0,0,0,0,0,0,0,0,0,0,0,0,0,0.01,15.21,13.52,54.98
"2025-01-17 19:35:00",6176,-374.0773,1,0,60,0,0,0,0,0,0,0,0,0,0,0,0,0,0,0,0.01,15.18,13.52,54.98
"2025-01-17 19:36:00",6177,-389.3038,1,0,60,0,0,0,0,0,0,0,0,0,0,0,0,0,0,0,0.01,15.17,13.52,54.98
"2025-01-17 19:37:00",6178,-395.3622,1,0,60,0,0,0,0,0,0,0,0,0,0,0,0,0,0,0,0.01,15.14,13.52,54.98
"2025-01-17 19:38:00",6179,-380.5715,1,0,60,0,0,0,0,0,0,0,0,0,0,0,0,0,0,0,0.01,15.12,13.52,54.98
"2025-01-17 19:39:00",6180,-374.3302,1,0,60,0,0,0,0,0,0,0,0,0,0,0,0,0,0,0,0.01,15.12,13.52,54.98
"2025-01-17 19:40:00",6181,-379.8559,1,0,60,0,0,0,0,0,0,0,0,0,0,0,0,0,0,0,0.01,15.1,13.52,54.98
"2025-01-17 19:41:00",6182,-378.2041,1,0,60,0,0,0,0,0,0,0,0,0,0,0,0,0,0,0,0.01,15.08,13.52,54.98
"2025-01-17 19:42:00",6183,-374.3248,1,0,60,0,0,0,0,0,0,0,0,0,0,0,0,0,0,0,0.01,15.06,13.52,54.98
"2025-01-17 19:43:00",6184,-364.9307,1,0,60,0,0,0,0,0,0,0,0,0,0,0,0,0,0,0,0.01,15.04,13.52,54.98
"2025-01-17 19:44:00",6185,-359.3619,1,0,60,0,0,0,0,0,0,0,0,0,0,0,0,0,0,0,0.01,15.02,13.52,54.98
"2025-01-17 19:45:00",6186,-368.9229,1,0,60,0,0,0,0,0,0,0,0,0,0,0,0,0,0,0,0.01,15.01,13.52,54.98
"2025-01-17 19:46:00",6187,-357.9039,1,0,60,0,0,0,0,0,0,0,0,0,0,0,0,0,0,0,0.01,14.98,13.52,54.98
"2025-01-17 19:47:00",6188,-347.6166,1,0,60,0,0,0,0,0,0,0,0,0,0,0,0,0,0,0,0.011,14.96,13.52,54.98
"2025-01-17 19:48:00",6189,-349.2738,1,0,60,0,0,0,0,0,0,0,0,0,0,0,0,0,0,0,0.01,14.9,13.52,54.98
"2025-01-17 19:49:00",6190,-350.1346,1,0,60,0,0,0,0,0,0,0,0,0,0,0,0,0,0,0,0.01,14.88,13.52,54.98
"2025-01-17 19:50:00",6191,-336.6728,1,0,60,0,0,0,0,0,0,0,0,0,0,0,0,0,0,0,0.01,14.86,13.52,54.98
"2025-01-17 19:51:00",6192,-328.952,1,0,60,0,0,0,0,0,0,0,0,0,0,0,0,0,0,0,0.01,14.85,13.52,54.98
"2025-01-17 19:52:00",6193,-331.4969,1,0,60,0,0,0,0,0,0,0,0,0,0,0,0,0,0,0,0.01,14.83,13.52,55
"2025-01-17 19:53:00",6194,-325.8636,1,0,60,0,0,0,0,0,0,0,0,0,0,0,0,0,0,0,0.01,14.81,13.52,55.01
"2025-01-17 19:54:00",6195,-319.1596,1,0,60,0,0,0,0,0,0,0,0,0,0,0,0,0,0,0,0.01,14.8,13.53,55.01
"2025-01-17 19:55:00",6196,-326.2456,1,0,60,0,0,0,0,0,0,0,0,0,0,0,0,0,0,0,0.01,14.78,13.52,55.01
"2025-01-17 19:56:00",6197,-335.4945,1,0,60,0,0,0,0,0,0,0,0,0,0,0,0,0,0,0,0.01,14.75,13.52,55.01
"2025-01-17 19:57:00",6198,-339.024,1,0,60,0,0,0,0,0,0,0,0,0,0,0,0,0,0,0,0.01,14.74,13.52,55.03
"2025-01-17 19:58:00",6199,-347.8533,1,0,60,0,0,0,0,0,0,0,0,0,0,0,0,0,0,0,0.01,14.73,13.52,55.04
"2025-01-17 19:59:00",6200,-345.8625,1,0,60,0,0,0,0,0,0,0,0,0,0,0,0,0,0,0,0.01,14.72,13.52,55.04
"2025-01-17 20:00:00",6201,-344.3668,1,0,60,0,0,0,0,0,0,0,0,0,0,0,0,0,0,0,0.011,14.71,13.52,55.04
