"TOA5","94083","CR1000","94083","CR1000.Std.32.05","CPU:CS110_1769_2025-01-13_GMX.cr1","59979","EF_60sec"
"TIMESTAMP","RECORD","E_field_Avg","status","Error_Count","E_status_Tot(1)","E_status_Tot(2)","E_status_Tot(3)","E_status_Tot(4)","E_status_Tot(5)","E_status_Tot(6)","E_status_Tot(7)","E_status_Tot(8)","E_status_Tot(9)","E_status_Tot(10)","E_status_Tot(11)","E_status_Tot(12)","E_status_Tot(13)","E_status_Tot(14)","E_status_Tot(15)","E_status_Tot(16)","leakage_cur_Avg","panel_temp_Avg","battery_volt_Avg","internal_RH_Avg"
"TS","RN","volts/m","","","","","","","","","","","","","","","","","","","nA","DegC","","%"
"","","Avg","Smp","Smp","Tot","Tot","Tot","Tot","Tot","Tot","Tot","Tot","Tot","Tot","Tot","Tot","Tot","Tot","Tot","Tot","Avg","Avg","Avg","Avg"
"2025-01-31 07:01:00",25581,-228.1402,1,0,60,0,0,0,0,0,0,0,0,0,0,0,0,0,0,0,0.01,11.44,13.62,54.76
"2025-01-31 07:02:00",25582,-224.8094,1,0,60,0,0,0,0,0,0,0,0,0,0,0,0,0,0,0,0.01,11.46,13.64,54.73
"2025-01-31 07:03:00",25583,-224.013,1,0,60,0,0,0,0,0,0,0,0,0,0,0,0,0,0,0,0.01,11.48,13.64,54.72
"2025-01-31 07:04:00",25584,-216.7864,1,0,60,0,0,0,0,0,0,0,0,0,0,0,0,0,0,0,0.01,11.5,13.64,54.7
"2025-01-31 07:05:00",25585,-193.4548,1,0,60,0,0,0,0,0,0,0,0,0,0,0,0,0,0,0,0.01,11.52,13.64,54.66
"2025-01-31 07:06:00",25586,-184.8292,1,0,60,0,0,0,0,0,0,0,0,0,0,0,0,0,0,0,0.01,11.54,13.64,54.66
"2025-01-31 07:07:00",25587,-191.5607,1,0,60,0,0,0,0,0,0,0,0,0,0,0,0,0,0,0,0.01,11.57,13.64,54.63
"2025-01-31 07:08:00",25588,-211.1311,1,0,60,0,0,0,0,0,0,0,0,0,0,0,0,0,0,0,0.01,11.59,13.64,54.6
"2025-01-31 07:09:00",25589,-236.3353,1,0,60,0,0,0,0,0,0,0,0,0,0,0,0,0,0,0,0.01,11.61,13.64,54.59
"2025-01-31 07:10:00",25590,-245.1277,1,0,60,0,0,0,0,0,0,0,0,0,0,0,0,0,0,0,0.01,11.63,13.64,54.57
"2025-01-31 07:11:00",25591,-256.0026,1,0,60,0,0,0,0,0,0,0,0,0,0,0,0,0,0,0,0.01,11.65,13.64,54.53
"2025-01-31 07:12:00",25592,-235.9963,1,0,60,0,0,0,0,0,0,0,0,0,0,0,0,0,0,0,0.01,11.68,13.64,54.52
"2025-01-31 07:13:00",25593,-235.539,1,0,60,0,0,0,0,0,0,0,0,0,0,0,0,0,0,0,0.01,11.68,13.64,54.5
"2025-01-31 07:14:00",25594,-241.1405,1,0,60,0,0,0,0,0,0,0,0,0,0,0,0,0,0,0,0.01,11.7,13.64,54.46
"2025-01-31 07:15:00",25595,-237.6375,1,0,60,0,0,0,0,0,0,0,0,0,0,0,0,0,0,0,0.01,11.72,13.64,54.45
"2025-01-31 07:16:00",25596,-227.6613,1,0,60,0,0,0,0,0,0,0,0,0,0,0,0,0,0,0,0.01,11.73,13.64,54.45
"2025-01-31 07:17:00",25597,-244.7188,1,0,60,0,0,0,0,0,0,0,0,0,0,0,0,0,0,0,0.01,11.74,13.64,54.44
"2025-01-31 07:18:00",25598,-253.6027,1,0,60,0,0,0,0,0,0,0,0,0,0,0,0,0,0,0,0.01,11.76,13.64,54.39
"2025-01-31 07:19:00",25599,-262.4005,1,0,60,0,0,0,0,0,0,0,0,0,0,0,0,0,0,0,0.01,11.77,13.64,54.38
"2025-01-31 07:20:00",25600,-271.2091,1,0,60,0,0,0,0,0,0,0,0,0,0,0,0,0,0,0,0.01,11.77,13.64,54.38
"2025-01-31 07:21:00",25601,-265.2901,1,0,60,0,0,0,0,0,0,0,0,0,0,0,0,0,0,0,0.01,11.79,13.64,54.37
"2025-01-31 07:22:00",25602,-270.5418,1,0,60,0,0,0,0,0,0,0,0,0,0,0,0,0,0,0,0.01,11.8,13.64,54.35
"2025-01-31 07:23:00",25603,-261.3297,1,0,60,0,0,0,0,0,0,0,0,0,0,0,0,0,0,0,0.01,11.82,13.64,54.33
"2025-01-31 07:24:00",25604,-255.1416,1,0,60,0,0,0,0,0,0,0,0,0,0,0,0,0,0,0,0.01,11.84,13.64,54.31
"2025-01-31 07:25:00",25605,-259.1289,1,0,60,0,0,0,0,0,0,0,0,0,0,0,0,0,0,0,0.01,11.84,13.64,54.31
"2025-01-31 07:26:00",25606,-263.2668,1,0,60,0,0,0,0,0,0,0,0,0,0,0,0,0,0,0,0.01,11.86,13.64,54.25
"2025-01-31 07:27:00",25607,-268.0289,1,0,60,0,0,0,0,0,0,0,0,0,0,0,0,0,0,0,0.01,11.86,13.64,54.24
"2025-01-31 07:28:00",25608,-278.5486,1,0,60,0,0,0,0,0,0,0,0,0,0,0,0,0,0,0,0.01,11.86,13.64,54.2
"2025-01-31 07:29:00",25609,-259.9845,1,0,60,0,0,0,0,0,0,0,0,0,0,0,0,0,0,0,0.01,11.86,13.64,54.18
"2025-01-31 07:30:00",25610,-252.8548,1,0,60,0,0,0,0,0,0,0,0,0,0,0,0,0,0,0,0.01,11.86,13.64,54.18
"2025-01-31 07:31:00",25611,-260.2912,1,0,60,0,0,0,0,0,0,0,0,0,0,0,0,0,0,0,0.01,11.88,13.64,54.18
"2025-01-31 07:32:00",25612,-267.6523,1,0,60,0,0,0,0,0,0,0,0,0,0,0,0,0,0,0,0.01,11.89,13.64,54.17
"2025-01-31 07:33:00",25613,-241.5118,1,0,60,0,0,0,0,0,0,0,0,0,0,0,0,0,0,0,0.01,11.91,13.64,54.14
"2025-01-31 07:34:00",25614,-237.4599,1,0,60,0,0,0,0,0,0,0,0,0,0,0,0,0,0,0,0.01,11.91,13.64,54.11
"2025-01-31 07:35:00",25615,-245.9941,1,0,60,0,0,0,0,0,0,0,0,0,0,0,0,0,0,0,0.01,11.94,13.64,54.11
"2025-01-31 07:36:00",25616,-241.8185,1,0,60,0,0,0,0,0,0,0,0,0,0,0,0,0,0,0,0.01,11.96,13.64,54.11
"2025-01-31 07:37:00",25617,-248.1841,1,0,60,0,0,0,0,0,0,0,0,0,0,0,0,0,0,0,0.01,11.97,13.64,54.11
"2025-01-31 07:38:00",25618,-275.8905,1,0,60,0,0,0,0,0,0,0,0,0,0,0,0,0,0,0,0.01,11.99,13.64,54.11
"2025-01-31 07:39:00",25619,-282.9986,1,0,60,0,0,0,0,0,0,0,0,0,0,0,0,0,0,0,0.01,12.04,13.64,54.09
"2025-01-31 07:40:00",25620,-274.2008,1,0,60,0,0,0,0,0,0,0,0,0,0,0,0,0,0,0,0.01,12.08,13.64,54.07
"2025-01-31 07:41:00",25621,-278.2527,1,0,60,0,0,0,0,0,0,0,0,0,0,0,0,0,0,0,0.01,12.14,13.64,54.07
"2025-01-31 07:42:00",25622,-286.8353,1,0,60,0,0,0,0,0,0,0,0,0,0,0,0,0,0,0,0.01,12.19,13.64,54.07
"2025-01-31 07:43:00",25623,-275.0403,1,0,60,0,0,0,0,0,0,0,0,0,0,0,0,0,0,0,0.01,12.26,13.64,54.08
"2025-01-31 07:44:00",25624,-262.7933,1,0,60,0,0,0,0,0,0,0,0,0,0,0,0,0,0,0,0.01,12.33,13.64,54.08
"2025-01-31 07:45:00",25625,-253.4305,1,0,60,0,0,0,0,0,0,0,0,0,0,0,0,0,0,0,0.01,12.41,13.64,54.07
"2025-01-31 07:46:00",25626,-248.9267,1,0,60,0,0,0,0,0,0,0,0,0,0,0,0,0,0,0,0.01,12.51,13.64,54.07
"2025-01-31 07:47:00",25627,-268.8038,1,0,60,0,0,0,0,0,0,0,0,0,0,0,0,0,0,0,0.01,12.59,13.64,54.04
"2025-01-31 07:48:00",25628,-272.3875,1,0,60,0,0,0,0,0,0,0,0,0,0,0,0,0,0,0,0.01,12.68,13.64,54.04
"2025-01-31 07:49:00",25629,-276.3371,1,0,60,0,0,0,0,0,0,0,0,0,0,0,0,0,0,0,0.01,12.76,13.64,53.98
"2025-01-31 07:50:00",25630,-284.4622,1,0,60,0,0,0,0,0,0,0,0,0,0,0,0,0,0,0,0.01,12.85,13.64,53.95
"2025-01-31 07:51:00",25631,-271.2628,1,0,60,0,0,0,0,0,0,0,0,0,0,0,0,0,0,0,0.01,12.94,13.64,53.9
"2025-01-31 07:52:00",25632,-277.0904,1,0,60,0,0,0,0,0,0,0,0,0,0,0,0,0,0,0,0.01,13.04,13.64,53.83
"2025-01-31 07:53:00",25633,-272.0915,1,0,60,0,0,0,0,0,0,0,0,0,0,0,0,0,0,0,0.01,13.13,13.64,53.76
"2025-01-31 07:54:00",25634,-278.1182,1,0,60,0,0,0,0,0,0,0,0,0,0,0,0,0,0,0,0.01,13.22,13.64,53.68
"2025-01-31 07:55:00",25635,-271.4189,1,0,60,0,0,0,0,0,0,0,0,0,0,0,0,0,0,0,0.01,13.31,13.64,53.6
"2025-01-31 07:56:00",25636,-263.7834,1,0,60,0,0,0,0,0,0,0,0,0,0,0,0,0,0,0,0.01,13.41,13.64,53.52
"2025-01-31 07:57:00",25637,-274.8896,1,0,60,0,0,0,0,0,0,0,0,0,0,0,0,0,0,0,0.01,13.5,13.64,53.44
"2025-01-31 07:58:00",25638,-285.334,1,0,60,0,0,0,0,0,0,0,0,0,0,0,0,0,0,0,0.01,13.59,13.64,53.36
"2025-01-31 07:59:00",25639,-289.2136,1,0,60,0,0,0,0,0,0,0,0,0,0,0,0,0,0,0,0.01,13.68,13.64,53.27
"2025-01-31 08:00:00",25640,-290.0746,1,0,60,0,0,0,0,0,0,0,0,0,0,0,0,0,0,0,0.01,13.78,13.64,53.19
