"TOA5","94083","CR1000","94083","CR1000.Std.32.05","CPU:CS110_1769_2025-01-13_GMX.cr1","59979","EF_60sec"
"TIMESTAMP","RECORD","E_field_Avg","status","Error_Count","E_status_Tot(1)","E_status_Tot(2)","E_status_Tot(3)","E_status_Tot(4)","E_status_Tot(5)","E_status_Tot(6)","E_status_Tot(7)","E_status_Tot(8)","E_status_Tot(9)","E_status_Tot(10)","E_status_Tot(11)","E_status_Tot(12)","E_status_Tot(13)","E_status_Tot(14)","E_status_Tot(15)","E_status_Tot(16)","leakage_cur_Avg","panel_temp_Avg","battery_volt_Avg","internal_RH_Avg"
"TS","RN","volts/m","","","","","","","","","","","","","","","","","","","nA","DegC","","%"
"","","Avg","Smp","Smp","Tot","Tot","Tot","Tot","Tot","Tot","Tot","Tot","Tot","Tot","Tot","Tot","Tot","Tot","Tot","Tot","Avg","Avg","Avg","Avg"
"2025-01-16 23:01:00",4942,-106.8493,1,0,60,0,0,0,0,0,0,0,0,0,0,0,0,0,0,0,0.01,14.69,13.5,54.71
"2025-01-16 23:02:00",4943,-107.1882,1,0,60,0,0,0,0,0,0,0,0,0,0,0,0,0,0,0,0.01,14.71,13.53,54.71
"2025-01-16 23:03:00",4944,-179.334,1,0,60,0,0,0,0,0,0,0,0,0,0,0,0,0,0,0,0.01,14.71,13.55,54.69
"2025-01-16 23:04:00",4945,-206.2682,1,0,60,0,0,0,0,0,0,0,0,0,0,0,0,0,0,0,0.01,14.71,13.55,54.66
"2025-01-16 23:05:00",4946,-159.2328,1,0,60,0,0,0,0,0,0,0,0,0,0,0,0,0,0,0,0.01,14.71,13.55,54.64
"2025-01-16 23:06:00",4947,-138.5667,1,0,60,0,0,0,0,0,0,0,0,0,0,0,0,0,0,0,0.01,14.71,13.55,54.64
"2025-01-16 23:07:00",4948,-131.7659,1,0,60,0,0,0,0,0,0,0,0,0,0,0,0,0,0,0,0.01,14.71,13.55,54.62
"2025-01-16 23:08:00",4949,-128.3063,1,0,60,0,0,0,0,0,0,0,0,0,0,0,0,0,0,0,0.01,14.71,13.55,54.6
"2025-01-16 23:09:00",4950,-109.8892,1,0,60,0,0,0,0,0,0,0,0,0,0,0,0,0,0,0,0.01,14.71,13.55,54.6
"2025-01-16 23:10:00",4951,-147.4928,1,0,60,0,0,0,0,0,0,0,0,0,0,0,0,0,0,0,0.01,14.71,13.55,54.6
"2025-01-16 23:11:00",4952,-172.8075,1,0,60,0,0,0,0,0,0,0,0,0,0,0,0,0,0,0,0.01,14.71,13.53,54.59
"2025-01-16 23:12:00",4953,-166.5232,1,0,60,0,0,0,0,0,0,0,0,0,0,0,0,0,0,0,0.01,14.71,13.51,54.58
"2025-01-16 23:13:00",4954,-157.2367,1,0,60,0,0,0,0,0,0,0,0,0,0,0,0,0,0,0,0.01,14.72,13.51,54.57
"2025-01-16 23:14:00",4955,-139.4168,1,0,60,0,0,0,0,0,0,0,0,0,0,0,0,0,0,0,0.01,14.73,13.51,54.57
"2025-01-16 23:15:00",4956,-148.7195,1,0,60,0,0,0,0,0,0,0,0,0,0,0,0,0,0,0,0.01,14.75,13.51,54.57
"2025-01-16 23:16:00",4957,-135.8657,1,0,60,0,0,0,0,0,0,0,0,0,0,0,0,0,0,0,0.01,14.75,13.53,54.57
"2025-01-16 23:17:00",4958,-82.9334,1,0,60,0,0,0,0,0,0,0,0,0,0,0,0,0,0,0,0.01,14.75,13.54,54.54
"2025-01-16 23:18:00",4959,-99.1015,1,0,60,0,0,0,0,0,0,0,0,0,0,0,0,0,0,0,0.01,14.75,13.54,54.51
"2025-01-16 23:19:00",4960,-105.6494,1,0,60,0,0,0,0,0,0,0,0,0,0,0,0,0,0,0,0.01,14.76,13.53,54.5
"2025-01-16 23:20:00",4961,-142.3384,1,0,60,0,0,0,0,0,0,0,0,0,0,0,0,0,0,0,0.01,14.78,13.53,54.5
"2025-01-16 23:21:00",4962,-175.5461,1,0,60,0,0,0,0,0,0,0,0,0,0,0,0,0,0,0,0.01,14.78,13.53,54.5
"2025-01-16 23:22:00",4963,-199.3114,1,0,60,0,0,0,0,0,0,0,0,0,0,0,0,0,0,0,0.01,14.76,13.54,54.49
"2025-01-16 23:23:00",4964,-208.8347,1,0,60,0,0,0,0,0,0,0,0,0,0,0,0,0,0,0,0.01,14.75,13.53,54.47
"2025-01-16 23:24:00",4965,-207.1291,1,0,60,0,0,0,0,0,0,0,0,0,0,0,0,0,0,0,0.01,14.75,13.53,54.47
"2025-01-16 23:25:00",4966,-200.6188,1,0,60,0,0,0,0,0,0,0,0,0,0,0,0,0,0,0,0.01,14.73,13.53,54.48
"2025-01-16 23:26:00",4967,-213.6071,1,0,60,0,0,0,0,0,0,0,0,0,0,0,0,0,0,0,0.01,14.71,13.53,54.5
"2025-01-16 23:27:00",4968,-242.5213,1,0,60,0,0,0,0,0,0,0,0,0,0,0,0,0,0,0,0.01,14.7,13.53,54.5
"2025-01-16 23:28:00",4969,-252.4589,1,0,60,0,0,0,0,0,0,0,0,0,0,0,0,0,0,0,0.01,14.68,13.53,54.5
"2025-01-16 23:29:00",4970,-260.013,1,0,60,0,0,0,0,0,0,0,0,0,0,0,0,0,0,0,0.01,14.67,13.53,54.52
"2025-01-16 23:30:00",4971,-273.6092,1,0,60,0,0,0,0,0,0,0,0,0,0,0,0,0,0,0,0.01,14.66,13.53,54.55
"2025-01-16 23:31:00",4972,-287.4207,1,0,60,0,0,0,0,0,0,0,0,0,0,0,0,0,0,0,0.01,14.66,13.52,54.57
"2025-01-16 23:32:00",4973,-301.6841,1,0,60,0,0,0,0,0,0,0,0,0,0,0,0,0,0,0,0.01,14.64,13.53,54.57
"2025-01-16 23:33:00",4974,-320.2465,1,0,60,0,0,0,0,0,0,0,0,0,0,0,0,0,0,0,0.01,14.64,13.52,54.57
"2025-01-16 23:34:00",4975,-340.2777,1,0,60,0,0,0,0,0,0,0,0,0,0,0,0,0,0,0,0.01,14.63,13.52,54.57
"2025-01-16 23:35:00",4976,-352.2383,1,0,60,0,0,0,0,0,0,0,0,0,0,0,0,0,0,0,0.01,14.61,13.52,54.57
"2025-01-16 23:36:00",4977,-352.4482,1,0,60,0,0,0,0,0,0,0,0,0,0,0,0,0,0,0,0.01,14.61,13.52,54.57
"2025-01-16 23:37:00",4978,-360.3304,1,0,60,0,0,0,0,0,0,0,0,0,0,0,0,0,0,0,0.01,14.6,13.52,54.6
"2025-01-16 23:38:00",4979,-360.8039,1,0,60,0,0,0,0,0,0,0,0,0,0,0,0,0,0,0,0.01,14.58,13.52,54.6
"2025-01-16 23:39:00",4980,-365.3611,1,0,60,0,0,0,0,0,0,0,0,0,0,0,0,0,0,0,0.01,14.56,13.51,54.6
"2025-01-16 23:40:00",4981,-373.2488,1,0,60,0,0,0,0,0,0,0,0,0,0,0,0,0,0,0,0.01,14.55,13.51,54.62
"2025-01-16 23:41:00",4982,-375.3955,1,0,60,0,0,0,0,0,0,0,0,0,0,0,0,0,0,0,0.01,14.52,13.51,54.64
"2025-01-16 23:42:00",4983,-380.8028,1,0,60,0,0,0,0,0,0,0,0,0,0,0,0,0,0,0,0.01,14.5,13.52,54.64
"2025-01-16 23:43:00",4984,-388.3946,1,0,60,0,0,0,0,0,0,0,0,0,0,0,0,0,0,0,0.01,14.48,13.52,54.64
"2025-01-16 23:44:00",4985,-383.4069,1,0,60,0,0,0,0,0,0,0,0,0,0,0,0,0,0,0,0.01,14.45,13.52,54.65
"2025-01-16 23:45:00",4986,-378.4946,1,0,60,0,0,0,0,0,0,0,0,0,0,0,0,0,0,0,0.01,14.43,13.51,54.68
"2025-01-16 23:46:00",4987,-358.2213,1,0,60,0,0,0,0,0,0,0,0,0,0,0,0,0,0,0,0.011,14.42,13.51,54.71
"2025-01-16 23:47:00",4988,-282.1694,1,0,60,0,0,0,0,0,0,0,0,0,0,0,0,0,0,0,0.011,14.4,13.52,54.72
"2025-01-16 23:48:00",4989,-247.8856,1,0,60,0,0,0,0,0,0,0,0,0,0,0,0,0,0,0,0.01,14.38,13.52,54.75
"2025-01-16 23:49:00",4990,-216.5071,1,0,60,0,0,0,0,0,0,0,0,0,0,0,0,0,0,0,0.011,14.37,13.51,54.77
"2025-01-16 23:50:00",4991,-205.1814,1,0,60,0,0,0,0,0,0,0,0,0,0,0,0,0,0,0,0.01,14.37,13.51,54.77
"2025-01-16 23:51:00",4992,-202.3728,1,0,60,0,0,0,0,0,0,0,0,0,0,0,0,0,0,0,0.01,14.37,13.51,54.77
"2025-01-16 23:52:00",4993,-172.9743,1,0,60,0,0,0,0,0,0,0,0,0,0,0,0,0,0,0,0.01,14.35,13.52,54.77
"2025-01-16 23:53:00",4994,-158.3289,1,0,60,0,0,0,0,0,0,0,0,0,0,0,0,0,0,0,0.01,14.35,13.52,54.77
"2025-01-16 23:54:00",4995,-141.9133,1,0,60,0,0,0,0,0,0,0,0,0,0,0,0,0,0,0,0.01,14.35,13.52,54.77
"2025-01-16 23:55:00",4996,-129.872,1,0,60,0,0,0,0,0,0,0,0,0,0,0,0,0,0,0,0.01,14.32,13.51,54.77
"2025-01-16 23:56:00",4997,-127.6499,1,0,60,0,0,0,0,0,0,0,0,0,0,0,0,0,0,0,0.01,14.32,13.51,54.77
"2025-01-16 23:57:00",4998,-88.58282,1,0,60,0,0,0,0,0,0,0,0,0,0,0,0,0,0,0,0.01,14.32,13.51,54.77
"2025-01-16 23:58:00",4999,-121.9789,1,0,60,0,0,0,0,0,0,0,0,0,0,0,0,0,0,0,0.01,14.32,13.51,54.77
"2025-01-16 23:59:00",5000,-166.1038,1,0,60,0,0,0,0,0,0,0,0,0,0,0,0,0,0,0,0.01,14.32,13.52,54.77
"2025-01-17 00:00:00",5001,-212.1819,1,0,60,0,0,0,0,0,0,0,0,0,0,0,0,0,0,0,0.01,14.31,13.52,54.77
