"TOA5","94083","CR1000","94083","CR1000.Std.32.05","CPU:CS110_1769_2025-01-13_GMX.cr1","59979","EF_60sec"
"TIMESTAMP","RECORD","E_field_Avg","status","Error_Count","E_status_Tot(1)","E_status_Tot(2)","E_status_Tot(3)","E_status_Tot(4)","E_status_Tot(5)","E_status_Tot(6)","E_status_Tot(7)","E_status_Tot(8)","E_status_Tot(9)","E_status_Tot(10)","E_status_Tot(11)","E_status_Tot(12)","E_status_Tot(13)","E_status_Tot(14)","E_status_Tot(15)","E_status_Tot(16)","leakage_cur_Avg","panel_temp_Avg","battery_volt_Avg","internal_RH_Avg"
"TS","RN","volts/m","","","","","","","","","","","","","","","","","","","nA","DegC","","%"
"","","Avg","Smp","Smp","Tot","Tot","Tot","Tot","Tot","Tot","Tot","Tot","Tot","Tot","Tot","Tot","Tot","Tot","Tot","Tot","Avg","Avg","Avg","Avg"
"2025-01-15 18:01:00",3202,-178.1253,1,0,60,0,0,0,0,0,0,0,0,0,0,0,0,0,0,0,0.011,17.73,13.44,54.23
"2025-01-15 18:02:00",3203,-187.6685,1,0,60,0,0,0,0,0,0,0,0,0,0,0,0,0,0,0,0.01,17.72,13.46,54.23
"2025-01-15 18:03:00",3204,-197.4753,1,0,60,0,0,0,0,0,0,0,0,0,0,0,0,0,0,0,0.01,17.72,13.46,54.23
"2025-01-15 18:04:00",3205,-179.6477,1,0,60,0,0,0,0,0,0,0,0,0,0,0,0,0,0,0,0.011,17.7,13.47,54.23
"2025-01-15 18:05:00",3206,-189.3092,1,0,60,0,0,0,0,0,0,0,0,0,0,0,0,0,0,0,0.01,17.69,13.47,54.23
"2025-01-15 18:06:00",3207,-192.1658,1,0,60,0,0,0,0,0,0,0,0,0,0,0,0,0,0,0,0.01,17.69,13.47,54.22
"2025-01-15 18:07:00",3208,-197.1633,1,0,60,0,0,0,0,0,0,0,0,0,0,0,0,0,0,0,0.01,17.69,13.46,54.2
"2025-01-15 18:08:00",3209,-201.3754,1,0,60,0,0,0,0,0,0,0,0,0,0,0,0,0,0,0,0.01,17.67,13.46,54.17
"2025-01-15 18:09:00",3210,-197.0288,1,0,60,0,0,0,0,0,0,0,0,0,0,0,0,0,0,0,0.01,17.66,13.46,54.16
"2025-01-15 18:10:00",3211,-185.6404,1,0,60,0,0,0,0,0,0,0,0,0,0,0,0,0,0,0,0.011,17.66,13.47,54.16
"2025-01-15 18:11:00",3212,-171.3257,1,0,60,0,0,0,0,0,0,0,0,0,0,0,0,0,0,0,0.01,17.64,13.46,54.16
"2025-01-15 18:12:00",3213,-175.6507,1,0,60,0,0,0,0,0,0,0,0,0,0,0,0,0,0,0,0.01,17.64,13.47,54.16
"2025-01-15 18:13:00",3214,-183.4994,1,0,60,0,0,0,0,0,0,0,0,0,0,0,0,0,0,0,0.01,17.62,13.46,54.16
"2025-01-15 18:14:00",3215,-176.0435,1,0,60,0,0,0,0,0,0,0,0,0,0,0,0,0,0,0,0.01,17.62,13.46,54.14
"2025-01-15 18:15:00",3216,-175.328,1,0,60,0,0,0,0,0,0,0,0,0,0,0,0,0,0,0,0.01,17.6,13.47,54.13
"2025-01-15 18:16:00",3217,-190.2184,1,0,60,0,0,0,0,0,0,0,0,0,0,0,0,0,0,0,0.01,17.57,13.46,54.12
"2025-01-15 18:17:00",3218,-204.4579,1,0,60,0,0,0,0,0,0,0,0,0,0,0,0,0,0,0,0.01,17.56,13.47,54.13
"2025-01-15 18:18:00",3219,-216.8468,1,0,60,0,0,0,0,0,0,0,0,0,0,0,0,0,0,0,0.01,17.53,13.46,54.14
"2025-01-15 18:19:00",3220,-222.3446,1,0,60,0,0,0,0,0,0,0,0,0,0,0,0,0,0,0,0.011,17.51,13.47,54.16
"2025-01-15 18:20:00",3221,-222.081,1,0,60,0,0,0,0,0,0,0,0,0,0,0,0,0,0,0,0.01,17.5,13.46,54.16
"2025-01-15 18:21:00",3222,-222.5437,1,0,60,0,0,0,0,0,0,0,0,0,0,0,0,0,0,0,0.01,17.48,13.46,54.16
"2025-01-15 18:22:00",3223,-231.8878,1,0,60,0,0,0,0,0,0,0,0,0,0,0,0,0,0,0,0.01,17.46,13.46,54.16
"2025-01-15 18:23:00",3224,-244.0024,1,0,60,0,0,0,0,0,0,0,0,0,0,0,0,0,0,0,0.01,17.45,13.46,54.19
"2025-01-15 18:24:00",3225,-255.3101,1,0,60,0,0,0,0,0,0,0,0,0,0,0,0,0,0,0,0.01,17.44,13.46,54.2
"2025-01-15 18:25:00",3226,-267.274,1,0,60,0,0,0,0,0,0,0,0,0,0,0,0,0,0,0,0.01,17.43,13.47,54.23
"2025-01-15 18:26:00",3227,-277.5004,1,0,60,0,0,0,0,0,0,0,0,0,0,0,0,0,0,0,0.01,17.41,13.47,54.23
"2025-01-15 18:27:00",3228,-288.3777,1,0,60,0,0,0,0,0,0,0,0,0,0,0,0,0,0,0,0.011,17.41,13.48,54.23
"2025-01-15 18:28:00",3229,-309.7665,1,0,60,0,0,0,0,0,0,0,0,0,0,0,0,0,0,0,0.011,17.41,13.5,54.23
"2025-01-15 18:29:00",3230,-328.9121,1,0,60,0,0,0,0,0,0,0,0,0,0,0,0,0,0,0,0.01,17.41,13.5,54.23
"2025-01-15 18:30:00",3231,-337.7291,1,0,60,0,0,0,0,0,0,0,0,0,0,0,0,0,0,0,0.01,17.41,13.5,54.23
"2025-01-15 18:31:00",3232,-347.3476,1,0,60,0,0,0,0,0,0,0,0,0,0,0,0,0,0,0,0.01,17.38,13.5,54.23
"2025-01-15 18:32:00",3233,-351.2746,1,0,60,0,0,0,0,0,0,0,0,0,0,0,0,0,0,0,0.01,17.36,13.5,54.23
"2025-01-15 18:33:00",3234,-339.9669,1,0,60,0,0,0,0,0,0,0,0,0,0,0,0,0,0,0,0.01,17.34,13.5,54.23
"2025-01-15 18:34:00",3235,-330.3431,1,0,60,0,0,0,0,0,0,0,0,0,0,0,0,0,0,0,0.01,17.32,13.5,54.23
"2025-01-15 18:35:00",3236,-319.342,1,0,60,0,0,0,0,0,0,0,0,0,0,0,0,0,0,0,0.011,17.3,13.5,54.23
"2025-01-15 18:36:00",3237,-314.2261,1,0,60,0,0,0,0,0,0,0,0,0,0,0,0,0,0,0,0.01,17.29,13.5,54.23
"2025-01-15 18:37:00",3238,-313.1028,1,0,60,0,0,0,0,0,0,0,0,0,0,0,0,0,0,0,0.01,17.26,13.5,54.24
"2025-01-15 18:38:00",3239,-318.3084,1,0,60,0,0,0,0,0,0,0,0,0,0,0,0,0,0,0,0.01,17.24,13.5,54.26
"2025-01-15 18:39:00",3240,-324.3588,1,0,60,0,0,0,0,0,0,0,0,0,0,0,0,0,0,0,0.011,17.22,13.5,54.27
"2025-01-15 18:40:00",3241,-329.0538,1,0,60,0,0,0,0,0,0,0,0,0,0,0,0,0,0,0,0.01,17.21,13.5,54.27
"2025-01-15 18:41:00",3242,-329.1658,1,0,60,0,0,0,0,0,0,0,0,0,0,0,0,0,0,0,0.01,17.18,13.5,54.29
"2025-01-15 18:42:00",3243,-325.7255,1,0,60,0,0,0,0,0,0,0,0,0,0,0,0,0,0,0,0.01,17.16,13.5,54.3
"2025-01-15 18:43:00",3244,-323.2216,1,0,60,0,0,0,0,0,0,0,0,0,0,0,0,0,0,0,0.01,17.13,13.5,54.3
"2025-01-15 18:44:00",3245,-325.3393,1,0,60,0,0,0,0,0,0,0,0,0,0,0,0,0,0,0,0.01,17.11,13.5,54.3
"2025-01-15 18:45:00",3246,-324.6007,1,0,60,0,0,0,0,0,0,0,0,0,0,0,0,0,0,0,0.01,17.09,13.5,54.3
"2025-01-15 18:46:00",3247,-320.5592,1,0,60,0,0,0,0,0,0,0,0,0,0,0,0,0,0,0,0.01,17.08,13.5,54.34
"2025-01-15 18:47:00",3248,-327.5513,1,0,60,0,0,0,0,0,0,0,0,0,0,0,0,0,0,0,0.01,17.06,13.5,54.37
"2025-01-15 18:48:00",3249,-345.0273,1,0,60,0,0,0,0,0,0,0,0,0,0,0,0,0,0,0,0.01,17.06,13.5,54.37
"2025-01-15 18:49:00",3250,-336.1146,1,0,60,0,0,0,0,0,0,0,0,0,0,0,0,0,0,0,0.011,17.06,13.5,54.37
"2025-01-15 18:50:00",3251,-321.8272,1,0,60,0,0,0,0,0,0,0,0,0,0,0,0,0,0,0,0.011,17.06,13.5,54.37
"2025-01-15 18:51:00",3252,-321.1458,1,0,60,0,0,0,0,0,0,0,0,0,0,0,0,0,0,0,0.01,17.06,13.5,54.37
"2025-01-15 18:52:00",3253,-317.5869,1,0,60,0,0,0,0,0,0,0,0,0,0,0,0,0,0,0,0.01,17.04,13.5,54.35
"2025-01-15 18:53:00",3254,-319.9295,1,0,60,0,0,0,0,0,0,0,0,0,0,0,0,0,0,0,0.01,17.04,13.5,54.33
"2025-01-15 18:54:00",3255,-329.7723,1,0,60,0,0,0,0,0,0,0,0,0,0,0,0,0,0,0,0.01,17.04,13.5,54.33
"2025-01-15 18:55:00",3256,-349.288,1,0,60,0,0,0,0,0,0,0,0,0,0,0,0,0,0,0,0.01,17.04,13.5,54.33
"2025-01-15 18:56:00",3257,-342.9116,1,0,60,0,0,0,0,0,0,0,0,0,0,0,0,0,0,0,0.01,17.02,13.5,54.32
"2025-01-15 18:57:00",3258,-338.679,1,0,60,0,0,0,0,0,0,0,0,0,0,0,0,0,0,0,0.01,17.01,13.5,54.3
"2025-01-15 18:58:00",3259,-332.0379,1,0,60,0,0,0,0,0,0,0,0,0,0,0,0,0,0,0,0.01,17.01,13.5,54.3
"2025-01-15 18:59:00",3260,-306.5563,1,0,60,0,0,0,0,0,0,0,0,0,0,0,0,0,0,0,0.01,17.01,13.5,54.3
"2025-01-15 19:00:00",3261,-307.8539,1,0,60,0,0,0,0,0,0,0,0,0,0,0,0,0,0,0,0.01,17,13.49,54.3
